-0.99559044554946 0.0937748285412186 -0.00243849598991766 -1.09017832902832 -0.0937906532552638 -0.99460736543499 0.0442662623723634 -0.103575959722366 0.0017257150919732 0.0442997760099653 0.999016792527977 0.00161769966324577
-0.995007710530876 0.0996925489873735 0.00458820885579012 -2.17721012195392 -0.0993793395994194 -0.993992270393701 0.0458597128028393 -0.207806811383835 0.00913251580275124 0.045174794675524 0.998937352931172 0.0081703953791657
-0.994455487582994 0.104766102422423 0.00907452474149052 -3.2652997585745 -0.104203766413929 -0.993353160448861 0.0488986062317799 -0.312091969694968 0.0141371242203233 0.0476818876458738 0.998762523981204 0.0146055984893088
-0.993966489037139 0.109091867819506 0.0113834549603458 -4.35387075188445 -0.108371503436327 -0.992776036618638 0.0514913425610354 -0.417045946036994 0.0169185080350762 0.0499470268528486 0.998608561246311 0.0202412584656846
-0.993410365242934 0.113925456967054 0.0125234373376076 -5.44238388161708 -0.113102696431259 -0.992133726389867 0.0536511791085238 -0.52275344217847 0.0185371596497304 0.0518812029024414 0.998481203877928 0.0255248864707776
-0.99238307718936 0.122551547753411 0.0125278191006783 -6.53072297907323 -0.121681068372921 -0.991013306250857 0.0555548776739627 -0.628828356659618 0.0192235716712714 0.0536073220464124 0.998377037654218 0.0306590717668954
-0.990352753336848 0.138112288482231 0.0112436528017149 -7.61903638681906 -0.137254398314766 -0.988872447708356 0.0573804174482434 -0.734697884451112 0.0190434792350574 0.055283613607326 0.998289070342423 0.0357328935094717
-0.987500934588024 0.157332443338392 0.00940247100232102 -8.7071949592649 -0.156510274262689 -0.985889474621042 0.0593841551397625 -0.839877124501003 0.0186128514203427 0.0571703253849155 0.998190921446086 0.0407643396786233
-0.984579442932096 0.174762724917859 0.00783010439314451 -9.79498020256091 -0.173958941340704 -0.982816578664811 0.0617240587552035 -0.944280866342205 0.0184826211113079 0.0594101227138876 0.998062538138756 0.0457273448979773
-0.981963590783436 0.188953170632279 0.0066487354970008 -10.8825957902005 -0.188145819017269 -0.980031681796497 0.0643354759168641 -1.04816710261712 0.0186723635895737 0.0619241631605727 0.997906178382939 0.0506125815367354
-0.979647725314454 0.200643153409255 0.00571482949933837 -11.9702774627233 -0.199818820654887 -0.977533644968724 0.0670851091245311 -1.1517703997587 0.0190466059524128 0.0645778440655172 0.997730889998672 0.0554480046976698
-0.977491233551418 0.210919022848255 0.0049045010820744 -13.0581139523645 -0.210071315422353 -0.975187022822636 0.0698592367195922 -1.25516003970936 0.0195174477544798 0.067256496482193 0.997544802459565 0.0602920216886417
-0.982851609494385 0.184161611781968 0.00933886824856376 -14.0939952109713 -0.183022574756678 -0.980442096471331 0.0723604352967612 -1.35367358453383 0.0224822339577877 0.0694103465829705 0.997334824892573 0.0649669225326049
-0.975428269871526 0.220263749577127 0.00485499306542313 -15.2276867967365 -0.219303798524817 -0.972816777412355 0.0743865682608445 -1.46191023197095 0.0211076831515727 0.0714940431592968 0.997217663052911 0.0707988092444657
-0.956583636133756 0.291372918662725 -0.00704055048173893 -16.4721744757857 -0.291066878221491 -0.953770312612808 0.0748482677211786 -1.58506927818819 0.0150936901888344 0.0736478991447184 0.997170079509033 0.0769786944315963
-0.949812295249839 0.312599433369897 -0.0117557666296731 -17.6319323364342 -0.312554786006097 -0.946787145180782 0.0768349364879477 -1.69111762297011 0.0128883488824248 0.0766530885042683 0.996974520479757 0.0823091135942391
-0.940643742574782 0.33881930146516 -0.0197694337189331 -18.8792341839744 -0.339307744719268 -0.937478619376828 0.077486079942397 -1.81167687747349 0.00772035805066937 0.0795947182040132 0.996797410161961 0.0860366647334383
-0.937283188725026 0.347862445617409 -0.0221797895058189 -20.0405080733771 -0.348500791872538 -0.933944113667288 0.0793447579266323 -1.92285964269398 0.00688637768794056 0.0820981819244332 0.996600454709429 0.0899854613097761
-0.934651273789252 0.354720427354607 -0.0245033634730883 -21.1898460701029 -0.35552422204242 -0.93126726711196 0.0796480052917282 -2.03498016652796 0.0054335941383898 0.0831546488368791 0.996521841422231 0.0957743267969924
-0.936185039596235 0.350121360156472 -0.031186612486422 -22.436491873405 -0.351505987541186 -0.932755099152813 0.0800716287277851 -2.15742070189187 -0.0010546842618967 0.0859241419311604 0.99630112389503 0.101976578088445
-0.934837076083983 0.353561110857588 -0.0327747169003358 -23.5978512947533 -0.355071740131068 -0.93133261700719 0.080892619310006 -2.2725439531649 -0.00192367851903376 0.0872587954746461 0.996183819419523 0.108323343792578
-0.925354215912861 0.376935268201996 -0.0404892415066409 -24.8463061156235 -0.379033629567773 -0.921944073391701 0.0797034076724227 -2.39959040380529 -0.00728579089555515 0.0891006684790061 0.995995977967592 0.114036047322777
-0.916109139892727 0.398427989732564 -0.0447121997074106 -26.0096089483948 -0.400821979907631 -0.912727804227254 0.0791814107819561 -2.51621082475393 -0.00926197753907224 0.0904604465397002 0.995856979382031 0.121367369993573
-0.908481911314002 0.415337074393848 -0.0464298551496519 -27.1595409296519 -0.417821885403798 -0.905094958334519 0.0789176056089569 -2.6323044896683 -0.00924602038036024 0.0910946267976024 0.995799317169745 0.125734459269095
-0.883575440170465 0.465229932042424 -0.053437363888676 -28.4057440261179 -0.468164217344778 -0.880202706463747 0.0778810704333605 -2.76320781668876 -0.0108031072159972 0.0938312627310135 0.995529500822945 0.128546729520277
-0.878943856423701 0.473897072986111 -0.0536587501739307 -29.5676651223196 -0.476826719593688 -0.875469583429071 0.0786720278882568 -2.87883984914432 -0.00969415991996906 0.0947342214077099 0.995455398577817 0.13295478011505
-0.86969468593748 0.490041801142339 -0.0590777994282165 -30.8160021957588 -0.493410570594134 -0.86635630798947 0.0772836103764914 -3.0085885525645 -0.0133102245690935 0.0963627559798193 0.995257281903476 0.13781166372295
-0.876450063086097 0.477855669737576 -0.0590698384628634 -31.9780349854497 -0.481271364933064 -0.873149531496061 0.0773806755183348 -3.1299121590622 -0.0146000072548373 0.0962489197230871 0.995250212378926 0.145633467200201
-0.880577610574556 0.470320500947896 -0.0581523700542493 -33.1273972706647 -0.473678451427814 -0.877278896144306 0.0775271760918352 -3.25048657686147 -0.0145532267127794 0.095814220071695 0.995292840737991 0.15373544281694
-0.872681603373335 0.484183294850086 -0.063193006906306 -34.3746520353197 -0.487952166068082 -0.869555508432161 0.0759993512127048 -3.38265547168062 -0.0181522109731336 0.0971584002719236 0.995103382816774 0.159937269929343
-0.863240422247445 0.500782242633687 -0.0635068410553343 -35.5371348091394 -0.50450019725595 -0.860169337459848 0.0747546778642864 -3.50611732095173 -0.0171908221664986 0.0965704735240567 0.995177682264117 0.166827131752159
-0.84385917806403 0.532094413739987 -0.069117454118332 -36.7857821393876 -0.536198371966368 -0.841016594423906 0.0719888449985936 -3.64137142979566 -0.0198240636025047 0.0978091139430017 0.995007730488547 0.173541375844855
-0.829043582018799 0.554836724653725 -0.0695912931979762 -37.9486101139451 -0.558862218905151 -0.826346338905322 0.0694604092860083 -3.76545944776661 -0.0189673243724785 0.096477651056064 0.995154411864236 0.180958554521358
-0.808470006241654 0.584484915752752 -0.068946589945539 -39.0977273069431 -0.588300278866819 -0.805904691209249 0.0664861682769145 -3.88897109564246 -0.0167042178159347 0.0943133709736975 0.995402409662914 0.188074838196688
-0.811510103657203 0.579964344927995 -0.0713632277473344 -40.345368281047 -0.583983334694292 -0.809202885671078 0.0644527316793828 -4.02393079308984 -0.0203670435166923 0.0939789786805622 0.995365829785485 0.192623166949236
-0.7995525233522 0.596548858652027 -0.0696076263213694 -41.5065347630653 -0.60031184588743 -0.797354300165058 0.0620629333460447 -4.15013996147829 -0.0184783681194467 0.0914088576082931 0.995641989202137 0.19713693028883
-0.829081586718123 0.554450028715252 -0.072172627932048 -42.7596143488209 -0.558459864298383 -0.827470435429405 0.0584402126801547 -4.2885603109771 -0.0273185382623791 0.0887572202579963 0.995678589364701 0.200178672400892
-0.804379228938351 0.589761648715499 -0.0718000958002212 -43.919109213558 -0.59354915632278 -0.803000287848487 0.0537581318849747 -4.41569644317868 -0.0259510131027786 0.0858588109609181 0.995969281403456 0.204299227056305
-0.773160151892393 0.630238181525315 -0.0708746363193287 -45.0707649703447 -0.633757602143527 -0.771992193543602 0.0487786309055978 -4.54141766615026 -0.0239725103195252 0.0826310332466072 0.996291840322693 0.204836954931956
-0.754768311360234 0.651652705460525 -0.0753229555474328 -46.3224503907577 -0.655386464244562 -0.754015027841409 0.0439308578829051 -4.67603265862104 -0.028166978031598 0.0825232649335689 0.996191011851277 0.201425063423577
-0.738457060282702 0.670170117578804 -0.0745196861442875 -47.4899541418191 -0.673733501517063 -0.73784767532613 0.0407918735703723 -4.79639606741022 -0.0276466824806793 0.0803294561181441 0.996384885186229 0.195675414373689
-0.731180047176662 0.678346945400588 -0.0722575966693235 -48.6445676823258 -0.681737503081123 -0.730424318013376 0.0414040160782589 -4.91372975420086 -0.0246924179344726 0.0795345039613919 0.996526240084105 0.184552649000631
-0.726051959322946 0.683791777184288 -0.0726454253099563 -49.8972288460725 -0.68718064326624 -0.725366999559942 0.0403172353913717 -5.04119026058365 -0.0251260001494157 0.0791929378452351 0.996542604564366 0.170759530852419
-0.750870627888939 0.656933477878573 -0.0680566368257642 -51.0649239892068 -0.659935676834494 -0.750355814714853 0.0380926996234867 -5.16253599436372 -0.0260423235267084 0.0735156919709621 0.996953981094092 0.162627279792728
-0.755264787623309 0.651718348943365 -0.0695578480608305 -52.3226334748898 -0.654793024794044 -0.754921444249175 0.0366020176193197 -5.28604500541432 -0.028656504626088 0.0731902087937557 0.99690621328154 0.15313991819375
-0.762611939828117 0.6434466392272 -0.0663283627026779 -53.4934106158734 -0.646290883186536 -0.762215376140495 0.0365487986802678 -5.40380572808241 -0.0270392962475951 0.0707399663713768 0.997128243314876 0.147451151713558
-0.758340730907685 0.648802265769405 -0.0630472503673672 -54.6511259454708 -0.651387869083849 -0.757914733853021 0.03548380220474 -5.51752172730403 -0.0247624687137994 0.0679770265677213 0.997379538592109 0.141784924330005
-0.761198687484468 0.645196691241416 -0.0655575150768673 -55.9081568799089 -0.647904860499456 -0.760979950099621 0.0335977274165514 -5.6452197165442 -0.0282108119894599 0.0680495786725084 0.997283011451307 0.13737304179396
-0.753127218346755 0.654802868829385 -0.0635027240210029 -57.0781875911476 -0.657319919544067 -0.752942089302167 0.0317605656100201 -5.76605746648566 -0.0270169642236679 0.0656613518753085 0.99747615034849 0.131794018789233
-0.746748424584403 0.66193125440944 -0.0649138260824228 -58.3348295149358 -0.664464805214222 -0.746752728435453 0.0291012921677248 -5.8985515882718 -0.0292115219107162 0.0648642968831857 0.997466445539652 0.124858396175902
-0.7451851414913 0.664000980754526 -0.0616587581582706 -59.5041119984918 -0.666289345722887 -0.745177017989439 0.0277438215920943 -6.02195379475283 -0.027524764790283 0.0617568572499738 0.997711620612812 0.11871518751343
-0.750484420489388 0.658333564120444 -0.0580521571966168 -60.6592725298886 -0.660410937343546 -0.750381168260074 0.0280267043668224 -6.14449434366665 -0.0251103253608547 0.0593718845339944 0.997920062373311 0.112966138861428
-0.740966768699479 0.668846938160486 -0.0601000914840964 -61.9119003759836 -0.6710209009804 -0.740945041995669 0.0270443189873171 -6.27641728668838 -0.026442354859325 0.0603673591883729 0.997825928613861 0.10688790407301
-0.746088590905376 0.663313040000511 -0.0580312457742536 -63.0779125523053 -0.665343508612617 -0.746075561301157 0.0262539973378078 -6.39992157940833 -0.0258810754777252 0.0581985205520013 0.997969489582559 0.101733077701562
-0.743753113277529 0.665657591889839 -0.0610841783885575 -64.3295484727453 -0.667793829991949 -0.743970880173145 0.0236374719265465 -6.53207595303676 -0.0297103873194 0.0583720807733852 0.997852691067933 0.0976561830897585
-0.738309312148591 0.672063074187898 -0.056838225762139 -65.4920468106026 -0.673929775068735 -0.738450217612588 0.0225817267657826 -6.65597047806728 -0.026795855472082 0.0549772718587565 0.99812798864098 0.0895466793482734
-0.727818850799297 0.683859129514534 -0.0511508690133032 -66.6393585497655 -0.685382333266912 -0.727887552383155 0.0207549591968478 -6.77956537591979 -0.0230386125188987 0.0501637525040038 0.998475247699171 0.0798729918004158
-0.736368690426823 0.674609992744555 -0.0515995101553984 -67.8837618057976 -0.676081445189615 -0.736611171026125 0.0178286900764289 -6.91548205129174 -0.025981363116838 0.0480139605605434 0.998508702196371 0.0729909736713951
-0.729044607035949 0.682861161250466 -0.0468465090211123 -69.0388120498646 -0.684057864515502 -0.729264899306915 0.015412483036969 -7.0401005166263 -0.0236389286197843 0.0432821105601233 0.99878318966589 0.0678919907002767
-0.736266710724318 0.674989962632067 -0.0479570748185834 -70.2787743799445 -0.676165692984593 -0.736637945993082 0.0128254494563492 -7.17459287294131 -0.0266699514409174 0.0418698802130084 0.9987670533318 0.0616420675183161
-0.72720283105067 0.684992849712153 -0.0442813544860086 -71.4296336621454 -0.685952516528534 -0.727578233972915 0.00995281452776993 -7.2979105814461 -0.0254005429088253 0.0376126214464861 0.998969520620054 0.0577004965706048
-0.715737808785428 0.697251766024093 -0.0394887813349373 -72.5666902859121 -0.697974100184538 -0.716090015942799 0.00687346627441993 -7.41945911097751 -0.0234849855571508 0.0324817463096506 0.999196372896767 0.0533618872852434
-0.710064908722844 0.70297154391481 -0.0404825128474932 -73.7971015766353 -0.703706922654877 -0.710465523439086 0.00594197038250129 -7.54724390122325 -0.024584393586641 0.0327070091945304 0.999162578933742 0.0487806764521876
-0.726883280917876 0.685847729032192 -0.0354060517913263 -74.9402080511494 -0.686506908457658 -0.727050381163888 0.0102960132746713 -7.65987383494251 -0.0186804861278737 0.031790499065422 0.999319970583595 0.0418237774232797
-0.715434505570962 0.697766668270016 -0.0357091709480166 -76.1703778887759 -0.69841751747127 -0.715631558649152 0.00918931742032278 -7.77921903598077 -0.0191426102635441 0.031514265289614 0.999319974560478 0.0373274644690773
-0.728126468043105 0.68452279256774 -0.035502013891278 -77.3115680065144 -0.685125560643274 -0.728388262626365 0.00731471266584309 -7.88745864482012 -0.0208521626771518 0.0296493730693574 0.999342835061261 0.0411683112665117
-0.7273268744249 0.685525550605823 -0.0324089062741778 -78.4396043092741 -0.686006588946968 -0.727574023717434 0.0055677583430011 -7.98936766349878 -0.019763037738459 0.0262823035178186 0.999459185190244 0.0419339552265964
-0.731803480750875 0.680737010994411 -0.03256973170444 -79.6589822262951 -0.681223408910094 -0.732053348468811 0.00570632530718485 -8.09862490774713 -0.0199582743195915 0.0263631723810802 0.99945317570569 0.0375238801366564
-0.730611863149495 0.682236343505338 -0.0275658670404343 -80.7923675574004 -0.682618354558762 -0.730742575622219 0.00688986157274611 -8.19387444463283 -0.0154430387137386 0.0238507814016327 0.999596244881811 0.0347580483086208
-0.727335950216923 0.685747275744543 -0.027075622448691 -82.0082335877376 -0.686150273425144 -0.727402359663455 0.00914381947742457 -8.29036669911373 -0.0134245223619911 0.0252285743745497 0.999591567208517 0.0332992401603551
-0.73949548280981 0.672758700368897 -0.0232843720516461 -83.1370401315169 -0.673078135505922 -0.73950583626632 0.00984589416560811 -8.37746687103902 -0.0105950180631647 0.0229531959866385 0.99968039712012 0.0368444254597627
-0.74190673667855 0.670190644969969 -0.020466887055018 -84.2527799585955 -0.670435964801034 -0.741918694156739 0.00850108005278118 -8.46004713284867 -0.00948742179379788 0.0200287457294065 0.999754388923706 0.0421053865325385
-0.748389777612593 0.662902656863136 -0.0217441552783547 -85.4604736854725 -0.663157528687915 -0.748446805552598 0.00703359102073862 -8.54549005865192 -0.0116117573825882 0.0196836678976282 0.999738826048375 0.0460633969172163
-0.735878464073358 0.676914548680355 -0.0164188884492123 -86.5828996904967 -0.677076534542429 -0.735875635835664 0.00737664933898834 -8.61973184918611 -0.00708889871920467 0.0165451614778136 0.999837989449602 0.0470856509734521
-0.73936254546413 0.673112254501295 -0.016214783531923 -87.7888307639144 -0.673278337857371 -0.73934031219192 0.00849603083615498 -8.69496364050644 -0.00626946064817977 0.0171987094904512 0.999832435088522 0.0475899585457921
-0.734224159276917 0.678796817799499 -0.0122378135048381 -88.910923172289 -0.678900074818255 -0.734179388722427 0.00867834010224347 -8.76123758284201 -0.0030939207930967 0.014680099469535 0.999887454833638 0.0519188732614691
-0.728657679635043 0.684810595306229 -0.00961428443532743 -90.0224655452048 -0.684877299298989 -0.728606258665267 0.00871806966733618 -8.82284089038741 -0.00103480133335817 0.0129370935734569 0.999915776851267 0.057664263978799
-0.73453794424722 0.678457031956445 -0.0122500714250679 -91.230035791314 -0.678559481383039 -0.734497827988352 0.00836486136012706 -8.88534038260095 -0.0033224518432958 0.0144567101804798 0.999889976369654 0.0619671734231178
-0.725625325224751 0.688004058551304 -0.0108767094936645 -92.3555068673818 -0.68808460380691 -0.725591712910901 0.00749961058403128 -8.94030275807239 -0.00273228775297463 0.0129260037117674 0.999912722707176 0.065009588014468
-0.727447740369397 0.686029047417582 -0.0135621211757471 -93.5658877758612 -0.686147676828709 -0.727421772206249 0.00767664659109735 -8.99497184161065 -0.00459897967228615 0.0148899771539163 0.999878561609524 0.0673942540912809
-0.734443811401491 0.678601328797546 -0.00961896295120652 -94.6939183122294 -0.67866940346879 -0.734377428778838 0.00988093596266124 -9.04356989048045 -0.000358733005600777 0.0137850881167145 0.999904916807716 0.067050625098366
-0.738911801543386 0.673788734031554 -0.00425340241047978 -95.8127863079632 -0.673778263266588 -0.738817711926182 0.0130858891032103 -9.08873594959822 0.00567463561571722 0.0125351679811569 0.99990532955591 0.0660947766102055
-0.728602144159555 0.684920611727975 -0.00476142376574571 -97.0314099994745 -0.684896596674627 -0.72846573268064 0.0159476698476958 -9.13534033976268 0.00745435373560241 0.0148805893778645 0.999861490742669 0.064791736827435
-0.723389801292975 0.690438505804683 -0.00136568206737125 -98.1713644444667 -0.690348274366681 -0.723260218060805 0.0177177044106427 -9.1763215084538 0.0112452418497243 0.0137596029315256 0.999842096464691 0.0702405712794403
-0.709998299532935 0.70418969393187 -0.0043919950455191 -99.4018848047712 -0.704135710793168 -0.709829789321434 0.0182912814665419 -9.21956118261487 0.00976296297968401 0.0160793392906995 0.999823054045981 0.076261470067355
-0.697860081722132 0.716225862960486 -0.00343795946560183 -100.551146950697 -0.716160885594752 -0.697712055295821 0.0176486214481669 -9.25979436879246 0.0102416933620073 0.0147784005016248 0.999838340230906 0.0848241564893924
-0.682963691767687 0.730447106274456 -0.00276055471362951 -101.692057722904 -0.730373722972891 -0.682829885372528 0.0172502879065387 -9.30059868172935 0.01071543362506 0.0137975569363689 0.999847391807777 0.0918428852214803
-0.703583670359521 0.710599390919124 -0.00430400148661231 -102.939681280092 -0.71054130941512 -0.703414667910687 0.0184079489010748 -9.3427795914042 0.0100531795007814 0.0160097031036307 0.999821295526585 0.0977034397669162
-0.699182129324651 0.714937826503364 -0.0028730241373258 -104.10403093173 -0.714851296808652 -0.699021645881358 0.0188775538750272 -9.38925927387484 0.0114879712759815 0.015252633345112 0.999817675224839 0.102076526623898
-0.697820161712915 0.716249622547072 -0.0057879277932526 -105.36125943342 -0.716204119233033 -0.697618198429501 0.0195066351176045 -9.44047580911438 0.00993385628037853 0.0177574609995923 0.999792974109265 0.105468404053527
-0.688897980974542 0.724845550242655 -0.00430117456316201 -106.535064164288 -0.724767536658805 -0.688705677129637 0.0199125110153309 -9.49258884322635 0.011471251663645 0.0168350403274771 0.999792474367777 0.109157045480636
-0.679639600669142 0.733538971497548 -0.00325430432033165 -107.69853254726 -0.733433705576383 -0.67945100559521 0.0205263372317816 -9.54766990676798 0.0128457279586505 0.0163373281161421 0.999784016167111 0.11361318598012
-0.662819604939031 0.74872701447649 -0.00883340826580998 -108.964405980371 -0.748730769100519 -0.662596619539081 0.0191821577911999 -9.61233076238037 0.00850921327828753 0.0193281548136799 0.999776982992149 0.120534205224428
-0.655928378312741 0.754771868178545 -0.00879713193537139 -110.145302038474 -0.754771818364519 -0.655703346319047 0.0193034667539266 -9.67739831814415 0.00880140481615023 0.0193015189109697 0.999774968000795 0.126322341731467
-0.650108927198975 0.75972178073354 -0.0134610049869057 -111.417023912947 -0.759819965081939 -0.649856992758786 0.0189607390517427 -9.75288588182879 0.00565715821611213 0.0225544860629465 0.999729609304113 0.131873850451752
-0.645352178223962 0.763771249018987 -0.013192620420661 -112.602695890317 -0.763859893030142 -0.64509404897298 0.0192803474975342 -9.82908242727205 0.00621529416598376 0.0225199278777619 0.99972707423917 0.134981476759833
-0.63921334147021 0.7689302827587 -0.0123500746197988 -113.776578576246 -0.768997506969788 -0.638957972733592 0.0193789410038009 -9.91049270487905 0.00700987594344136 0.0218844542267097 0.999735931285085 0.138067038668284
-0.636787463880394 0.770855861311132 -0.0168216208210848 -115.051695828101 -0.771028404171785 -0.636510426421809 0.0192269866759728 -10.0043944199634 0.00411409833258979 0.0252134515407185 0.999673624767761 0.143751879049837
-0.630194078397733 0.77625839542901 -0.0166831375469511 -116.241789256814 -0.776424495446773 -0.629912841020497 0.0193601546406526 -10.0979561461161 0.00451956000727462 0.0251538514637641 0.999673375325101 0.149226983447258
-0.621538453332754 0.783097132230906 -0.021185667807714 -117.523758872351 -0.783383288264528 -0.621284663989456 0.0177761064174155 -10.2060823524573 0.00075808745240144 0.0276450318002457 0.999617515612936 0.155799524938039
-0.615521174186168 0.78784668929242 -0.0207672410168906 -118.71979335221 -0.788120281692845 -0.615296523362244 0.0166315941125677 -10.3119493802728 0.000325135161722925 0.0266041821769704 0.999645993228513 0.162280327767895
-0.611708140709148 0.790829426682819 -0.0200491516698326 -119.904829111387 -0.791083094549794 -0.611484743259665 0.0165513225508961 -10.4200324728179 0.000829522562365711 0.0259851236899553 0.999661985492664 0.168658710040211
-0.587370949589202 0.808926874198623 -0.0251531266033602 -121.193524454088 -0.809309524205412 -0.58722206555088 0.0137236934011129 -10.5424148720171 -0.0036690065536657 0.0284175637485266 0.999589405937011 0.173104154673023
-0.585179524142108 0.810485521664893 -0.0260411922999486 -122.396478937232 -0.810885073202644 -0.585082289020492 0.01200471289469 -10.6543310147729 -0.00550659440678691 0.0281413263036051 0.999588787037906 0.178352072728323
-0.6119384919657 0.790290669893589 -0.0311759383160564 -123.69300222229 -0.790852564782483 -0.611877513357494 0.0125749522630281 -10.7748264564108 -0.00913798816558704 0.0323506681011316 0.99943480600072 0.18257117080632
-0.611974931540432 0.79029245703323 -0.0304058468466793 -124.901510398306 -0.790802825093414 -0.611992118711984 0.00982539865312137 -10.8954233912887 -0.0108432001900253 0.0300579272538129 0.999489342623944 0.185463399425057
-0.607988885413619 0.793342545119535 -0.0309373773414102 -126.099909556818 -0.793839987791209 -0.608081726806451 0.00739508672955626 -11.0146037157475 -0.0129456169092219 0.0290554577892369 0.999493967653381 0.188764339655687
-0.618704862740456 0.784793656508804 -0.0360999934190574 -127.402347198673 -0.785462133161349 -0.618855683848584 0.00817801552488603 -11.1421670982035 -0.0159226314075194 0.0334149558108573 0.999314720464588 0.186578474239473
-0.616291602758549 0.786717349597526 -0.0355031296020843 -128.618018742004 -0.787385177404239 -0.616389213803674 0.00942971423655423 -11.2636447497715 -0.014465226351355 0.0337660917005438 0.999325076377989 0.181248095773589
-0.57974147657624 0.813527500191786 -0.0455283073362521 -129.930203254237 -0.814582451697753 -0.579973393751581 0.00928934477516178 -11.394107894962 -0.0188480694842145 0.0424719786679909 0.998919857298244 0.178022789828825
-0.583403519878672 0.810798080789094 -0.0474004765999096 -131.149303443077 -0.811959006651561 -0.583617775318491 0.0106237399114362 -11.5096018137082 -0.0190500527712808 0.0446851711534804 0.998819468657072 0.177090114351392
-0.587710510613107 0.807547790837527 -0.0496278271568529 -132.358933714103 -0.808837955599482 -0.587907719248316 0.0120695994090294 -11.6288994424094 -0.0194298043359796 0.0472343006899695 0.998694850062718 0.174129798203603
-0.571320054508488 0.818746066424355 -0.0569936314956758 -133.67415912957 -0.820383069378852 -0.571712978781239 0.0107651925026053 -11.7607259476898 -0.0237700398181442 0.0529069807088524 0.99831650121558 0.1699066993672
-0.57388710856262 0.816814794458233 -0.0588827494245108 -134.901396051387 -0.818644255893928 -0.574112793581507 0.014699746185437 -11.8809865048941 -0.0217983696068201 0.056640019422582 0.998156670709711 0.161037298870616
-0.561859859683698 0.824627588436496 -0.0655960247699887 -136.224937434921 -0.826917612423282 -0.562064950140419 0.0170368450080288 -12.0115246422714 -0.0228201739782165 0.0638148275329214 0.997700810587296 0.152226985926069
-0.564757646652293 0.822648788975047 -0.0655573836089714 -137.458282716558 -0.82497873792886 -0.564845201746871 0.0189731396675152 -12.1314982234741 -0.021421543200071 0.0647986732998784 0.997668406548741 0.14736107780762
-0.566575437005837 0.821486343892535 -0.0644395917097648 -138.680299890748 -0.823757890676152 -0.566601419324817 0.019641007303101 -12.2537888361826 -0.0203767448436737 0.0642107344388575 0.997728304626264 0.143639382670128
-0.562110623815253 0.824174937581179 -0.0690457736366811 -140.007510267945 -0.826707065686155 -0.562353696977818 0.0177129060283446 -12.3869570949775 -0.0242296128449892 0.0670372415783847 0.99745623167282 0.139002937154389
-0.554946667131426 0.829191713937487 -0.0668976694447351 -141.245077040461 -0.831539284701225 -0.55524015001373 0.0158364709233229 -12.5116159610961 -0.0240128015504326 0.0644164369562756 0.997634155395432 0.134832879127955
-0.544935627428809 0.836010817697835 -0.0642734365890621 -142.46866275058 -0.838199961978699 -0.545125650455141 0.0160887835079911 -12.6339727387459 -0.0215867018713209 0.0626413434406854 0.997802623966416 0.127427466640555
-0.550297835150632 0.832294686109516 -0.0667671184221098 -143.795679836377 -0.834667262638381 -0.55048535191806 0.0172173750439008 -12.7667946329463 -0.022424390923357 0.06520301218127 0.997620024806141 0.116298148066277
-0.548947769113208 0.833391303800107 -0.0641504601385744 -145.030881748822 -0.835630422201884 -0.548966034659504 0.0189232735255281 -12.8898200213416 -0.0194459321282501 0.0639939648761997 0.99776080709912 0.110575885448705
-0.538031534649126 0.840320527073452 -0.0662078507588269 -146.356705441047 -0.842746000633643 -0.53787289802052 0.0217238116132311 -13.0200393299768 -0.0173564437344858 0.0674844971382457 0.997569344209659 0.10562776504951
-0.548989081547775 0.833498893901909 -0.0623745317066684 -147.587900879923 -0.835719727656592 -0.548595905345382 0.0248005936193529 -13.142263958991 -0.0135471453422728 0.0657428817635325 0.997744630830204 0.105645850567791
-0.561068875247375 0.825659077944715 -0.0590661005664794 -148.80552407501 -0.827691735455332 -0.560562034211363 0.0263931214478372 -13.2615412801465 -0.0113184931677748 0.0636968822494538 0.997905105159859 0.110981398076222
-0.552462830007622 0.83123828177174 -0.0618687350536297 -150.126552945044 -0.833434417766261 -0.552038225509247 0.0253153877950909 -13.3882023617018 -0.0131107872603311 0.0655493439613732 0.99776319373068 0.119710932924418
-0.544767145453822 0.836487959820466 -0.0593013516666328 -151.354947634969 -0.83850002639504 -0.544367277762913 0.024124109030432 -13.5081809418218 -0.0121021886290738 0.0628662069508583 0.997948584373963 0.128994093980777
-0.551672150045204 0.831749202076782 -0.0620572615343162 -152.675242344527 -0.83391612576193 -0.551434398578952 0.0224499277968389 -13.6368002132629 -0.0155477991599305 0.0641355510501335 0.99782007247438 0.137593633771131
-0.528749511238176 0.846720494494292 -0.0590623278302932 -153.900170942214 -0.848655706645023 -0.528572679589252 0.0198598582742614 -13.7592864204173 -0.014402983865468 0.0606244719166925 0.998056725572546 0.144384492668454
-0.507957227700589 0.859573310484241 -0.0557958666022415 -155.113693128197 -0.861292868855374 -0.507771186780989 0.0185206893474705 -13.8788980240953 -0.0124116431472388 0.0574643000321612 0.998270406921992 0.149387407518143
-0.50770523268742 0.859568275209244 -0.0581186455074419 -156.430661107352 -0.861401710059438 -0.507640716733416 0.0169704631951966 -14.0091910969671 -0.0149161190827763 0.0586794935917792 0.998165430388831 0.153375738726218
-0.500030400727562 0.864158484900507 -0.0565659908663828 -157.656673235256 -0.865878759795791 -0.500015973166762 0.0154272457878615 -14.130691376391 -0.0149523136249707 0.0566933819114305 0.998279664605418 0.158602820166653
-0.498258739454135 0.865054778238755 -0.0584675910558732 -158.974020531327 -0.866859621141412 -0.498358259280759 0.013908365871621 -14.2625688219791 -0.0171063085482059 0.057613158678806 0.998192415396402 0.16350630850629
-0.496212803149154 0.866461148840488 -0.0549357036987933 -160.199603473865 -0.868072319438275 -0.496234170072465 0.014216071100851 -14.3860319132362 -0.0149433000342764 0.0547423602205063 0.998388687727166 0.167831524255131
-0.500465216510601 0.864274578536206 -0.0506361526881871 -161.411458364594 -0.865664788761387 -0.500407443151615 0.0147263144461046 -14.5095320051388 -0.012611128486432 0.0512039425681817 0.998608589840771 0.171581910342078
-0.4920478606994 0.868978866374796 -0.0525797734411221 -162.726714610802 -0.870446661083668 -0.492090030651342 0.013038862751624 -14.6443377421165 -0.0145434861515598 0.0521836327552501 0.998531599641706 0.176484972645147
-0.501708845545058 0.863607944647829 -0.0496945896753208 -163.951483636233 -0.864935916761436 -0.501698263107446 0.013590904716986 -14.7708335542637 -0.0131944760374052 0.0498013125943788 0.998671985722026 0.183486354132031
-0.493278861324442 0.868346226044477 -0.0514858882100343 -165.268725678024 -0.869753855902094 -0.493319928977062 0.0127936631776959 -14.9060955851393 -0.0142896855774589 0.0510908933996837 0.998591771194675 0.18990701599626
-0.491343390058978 0.869585662083803 -0.0490147869894958 -166.494748519532 -0.870861548723009 -0.4913772189177 0.0121898188857711 -15.0331260448925 -0.0134846579902773 0.0486744802435403 0.998723664970399 0.198122794914024
-0.481657366784478 0.875148184847022 -0.0460633865581584 -167.70776861035 -0.876260140883816 -0.481728900388131 0.0102680099881644 -15.1596503875834 -0.0132040342516822 0.0453091722480534 0.998885745413196 0.2073842397744
-0.485591625778994 0.872829621724294 -0.0486746793922629 -169.023895573938 -0.8740455407977 -0.485757831776625 0.00914994422538615 -15.2978683582527 -0.0156577643669661 0.0469870227647574 0.998772774011553 0.215888876079482
-0.468213518644942 0.882405634651705 -0.0462211736441829 -170.249698747702 -0.883490471042416 -0.468385856951832 0.00769912883042567 -15.4279982172076 -0.0148555893647733 0.0444408026752267 0.99890155997586 0.223436084195284
-0.472696624652958 0.879905799116313 -0.0482046234627477 -171.568434541434 -0.881058787750835 -0.472962843164199 0.00644682193537631 -15.5686637989437 -0.0171263997597932 0.0455184980806649 0.998816676254331 0.230169097365774
-0.464230369710985 0.884552622022815 -0.0453522073395143 -172.795167534818 -0.885580331816479 -0.464442361285795 0.00638505623227241 -15.7008151755768 -0.0154155680342676 0.04312715983967 0.998950653609248 0.236830505192359
-0.465480016324961 0.884110052831203 -0.0409605772044559 -174.008437483119 -0.884956459529954 -0.465630070673073 0.00637981357070012 -15.8318137244398 -0.0134320191454761 0.0392180031081983 0.999140395086637 0.243474635452359
-0.454432086718899 0.889730369685381 -0.0432590778891876 -175.325149785625 -0.890649022984711 -0.454665615547496 0.00484725646074307 -15.973038288032 -0.0153556639937281 0.0407314043255415 0.999052128912691 0.25107814309193
-0.46674996474346 0.883472634915424 -0.0402563506490301 -176.550385040685 -0.884282679061887 -0.466916807954553 0.00573044157651246 -16.1056965312175 -0.0137336784261143 0.0382726770049806 0.999172952131792 0.259545494098598
-0.446876288087187 0.893550233405004 -0.0432384496401234 -177.867464397418 -0.894488169417824 -0.447049930315965 0.00610529082364253 -16.2459823983658 -0.0138743618581167 0.0414045913680209 0.999046126010545 0.267850442763466
-0.464430424748311 0.884599360267771 -0.0422889155920902 -179.090562520438 -0.885519728943658 -0.464533848995138 0.00794435581478785 -16.3764795587692 -0.0126170606583236 0.0411372696178425 0.999073838526829 0.277671554246643
-0.472015620123906 0.880645790983927 -0.0407951612490883 -180.301539825844 -0.881479627246748 -0.472183679963715 0.00601989409022765 -16.5052281993275 -0.01396141497058 0.0388015875733963 0.99914939608339 0.288089203327127
-0.474174728182131 0.879264144733338 -0.0453088395321995 -181.613371837032 -0.880198214505978 -0.474604065483699 0.00144367823038046 -16.6459886598797 -0.0202343849398251 0.0405653153900529 0.998971984018277 0.299516215899595
-0.446250173936434 0.893991958491955 -0.0404865460791874 -182.831271783365 -0.894715232880687 -0.446636692820316 -0.000562741316064887 -16.7779121310055 -0.0185858632557991 0.0359728060935996 0.99917992519305 0.302314751110075
-0.46328990201721 0.885271191186937 -0.0407109904490894 -184.139206070489 -0.886010655958639 -0.463664801842664 0.000262792588691193 -16.9210515690785 -0.0186436106113702 0.0361921205051891 0.999170929419341 0.302508221971761
-0.454544627244273 0.889986998497258 -0.0362260175731146 -185.351072477817 -0.890585867470082 -0.454814270822538 0.000889785775331866 -17.0539581524314 -0.0156842119958277 0.0326668266289141 0.99934322629018 0.30630175683831
-0.460959908726197 0.886820353168719 -0.0326438930405857 -186.548535635992 -0.887309391139681 -0.461173303356695 0.00110845225559127 -17.184527288415 -0.0140714939671758 0.0294761849088356 0.999466431442673 0.314121160600248
-0.458740545134644 0.887869514347552 -0.0352822581733675 -187.845478065047 -0.888398222872624 -0.459071339607283 -0.00145008549377123 -17.3248313696513 -0.0174845602271352 0.0306794824502483 0.99937633527628 0.323748393462759
-0.459851373508469 0.887364539500631 -0.0334796702374591 -189.051311116473 -0.88780038296609 -0.46021437264594 -0.0036347235613457 -17.4556649902582 -0.0186331502339512 0.0280518314363862 0.999432789368762 0.332125869425344
-0.459199486884548 0.887593630177858 -0.0362405699825643 -190.343629298334 -0.888075238447409 -0.459667017761157 -0.00534823701250352 -17.5945114693162 -0.0214056558308298 0.0297284451368573 0.999328783458275 0.340503234206848
-0.451560462306652 0.891626521745202 -0.033095235336193 -191.542900465704 -0.892007784308159 -0.451979165977448 -0.006078343193621 -17.7227236521137 -0.0203779688647821 0.0267764680808247 0.999433719234078 0.346006801245055
-0.454069291081128 0.89047299429044 -0.0296466749653702 -192.725267154598 -0.890788797037006 -0.454391706468168 -0.00484728442627774 -17.8468391633012 -0.017787579105867 0.0242079229254408 0.999548687407066 0.350911644094805
-0.439475239103895 0.897728596577712 -0.0307389183477164 -194.004059790729 -0.898073694842903 -0.439816293440322 -0.00502659483471433 -17.9795654397972 -0.0180319950585905 0.0253967500091435 0.999514808416153 0.358590205775046
-0.458862452856853 0.888065503713502 -0.0280162537159821 -195.189607376251 -0.888351443595635 -0.459144430557836 -0.00425494409729325 -18.1000923942127 -0.0166421759318243 0.0229358453474815 0.999598411852705 0.368433614980663
-0.452627327261647 0.89121116274947 -0.0295155214542704 -196.461163541356 -0.891497985563212 -0.452981085786562 -0.00628312472913505 -18.2268127632391 -0.0189695638514647 0.0234691139663299 0.99954457446225 0.380833924715113
-0.454882761591617 0.89013199592032 -0.0273258677024713 -197.638493190572 -0.890332414436169 -0.45523712295648 -0.00820692918022188 -18.3440301725308 -0.0197449996467304 0.0205959151584185 0.999592888764089 0.391861529239735
-0.437351381869598 0.899041507829757 -0.0211692223747344 -198.796819277913 -0.899093086739844 -0.437627577059943 -0.0106642005449083 -18.4568338746953 -0.0188517944337918 0.0143690986439321 0.999719029953309 0.400707466444499
-0.4460313125047 0.894718494489852 -0.0231275567916037 -200.048892860744 -0.894781014369911 -0.446358432185539 -0.0114492943023237 -18.5793236486316 -0.0205670753509289 0.015587354960971 0.999666959430404 0.4096733324397
-0.424176559478379 0.905402245462076 -0.0179170394127205 -201.207589119483 -0.905357148748221 -0.424427817641468 -0.0137644768368259 -18.6904012485938 -0.0200668781722103 0.0103827512890456 0.999744726855856 0.416387461195318
-0.425665470184256 0.904687822286188 -0.0186775721091219 -202.44857831504 -0.904611704608407 -0.425951483259587 -0.0155883865242354 -18.8078978554634 -0.0220583630011346 0.0102605124643268 0.999704031454149 0.424809765452417
-0.438896139209118 0.898402337104832 -0.0156019124439187 -203.594690651124 -0.898288261504002 -0.43911729308459 -0.0159437184551986 -18.9162255777382 -0.0211749434816086 0.0070173783307617 0.999751158123817 0.429814446424838
-0.464642141152285 0.885398530423344 -0.0133087561254021 -204.717637793378 -0.885276075465326 -0.464809820700344 -0.0154305148722692 -19.0225031328489 -0.0198481957399757 0.00461225592268787 0.999792366554761 0.435043908384114
-0.462207231599143 0.886655481217156 -0.0143712450759137 -205.925106604479 -0.886501233849066 -0.462405862325432 -0.0172157158189043 -19.1310164470075 -0.0219097567659268 0.00478289814309166 0.999748511598697 0.443691398758256
-0.479614160178319 0.877380685285427 -0.013167780546544 -207.035802291117 -0.877217259281521 -0.479783684565159 -0.0172480736227603 -19.2330157219499 -0.0214508129231575 0.00327858401658601 0.999764529032602 0.448872974828486
-0.47794345439249 0.878280996205462 -0.0138760984327978 -208.213910409617 -0.878043514583497 -0.478139029591619 -0.0205585719116219 -19.338336756376 -0.024690907258277 0.00235798335982353 0.999692352183029 0.458992374491815
-0.467771779046505 0.8838135038482 -0.00795318447138894 -209.294614983345 -0.883488403721937 -0.467818968495146 -0.0243649995895814 -19.4378282169154 -0.0252547662141851 -0.00437071295135218 0.999671492867413 0.46214208966574
-0.433774384747752 0.901017162397969 0.00280289154659043 -210.34699323725 -0.900632776591295 -0.433493764864114 -0.0307206372555812 -19.5366728682033 -0.0264647853980442 -0.0158502015206884 0.99952407987281 0.464292522176595
-0.425391719867101 0.90499715857056 0.00469336209158597 -211.477787893901 -0.90454289416268 -0.425000280332617 -0.0343061851128713 -19.6454434646661 -0.029052319843918 -0.0188389144169198 0.999400349217108 0.471857853466904
-0.400954810627424 0.916014907538419 0.0123259483249511 -212.51692293418 -0.915574344730138 -0.400234624748483 -0.0391901062057535 -19.7446334541443 -0.0309654502099785 -0.0269987836729909 0.999155746905091 0.475385840199206
-0.396212563521787 0.918065998557812 0.0130547615658681 -213.621966477421 -0.917515212064372 -0.395362528499303 -0.0430616614764054 -19.8509478561681 -0.0343720837012578 -0.029039513609631 0.998987120293024 0.483991892340599
