-0.99088324871506 0.13461633046459 -0.00536944951906583 -0.859657297925437 -0.134664870696937 -0.990840423729887 0.0100313161128267 -0.123184551523801 -0.00396988867182836 0.0106629393239642 0.999935268759387 -0.0127605060858855
-0.991152062796028 0.130697077453582 -0.0231487010493371 -1.81276141304698 -0.130809655013679 -0.991401633198672 0.00341113561845908 -0.260492661184704 -0.0225038345706101 0.00640902770299133 0.999726213417214 -0.0152613497268092
-0.991399693523599 0.128027649385646 -0.0271213693256873 -2.6844141980512 -0.127988934424893 -0.991770543186854 -0.00316580663226225 -0.385919841332656 -0.0273034859696462 0.000332655435158966 0.999627134982973 -0.0103231788752129
-0.991995588795978 0.123408700332824 -0.0267403158448722 -3.55824045054696 -0.123342749285341 -0.992355626169879 -0.00410821222911597 -0.506637809454273 -0.0270428920061051 -0.00077710433605583 0.999633972062173 -0.0110622725705131
-0.993784810983482 0.10769733172583 -0.0281608628714014 -4.51481948680388 -0.107574230306871 -0.994179815654315 -0.00585483726807454 -0.633010680673385 -0.0286275118096168 -0.00278906519962416 0.999586257750127 -0.025782312146645
-0.99252977285513 0.119725291313842 -0.0234628347809569 -5.39621894551457 -0.119475117861164 -0.992767140341958 -0.0117941201160612 -0.755131725559898 -0.0247051858564923 -0.00890279040900853 0.999655137592325 -0.036005238965634
-0.990909954118561 0.13285964765788 -0.0211134282619982 -6.27865852524969 -0.132714352050942 -0.99112085034597 -0.00814621195269249 -0.873359402907488 -0.0220082618225315 -0.00527010756091744 0.999743898394908 -0.0371847303987987
-0.990557987699103 0.135049194909068 -0.023592116478091 -7.24105509587808 -0.13488108664805 -0.990824605139283 -0.00858453931349266 -1.00292483241234 -0.0245349846167569 -0.00532135368080483 0.999684809189806 -0.0359421117951805
-0.98998238191198 0.139361250887964 -0.0226566823437383 -8.14006069227172 -0.139153512360112 -0.990215064760368 -0.0105083547457523 -1.12970698346444 -0.0238994456364024 -0.00725032913461738 0.999688075964554 -0.0333479886398291
-0.989426715613568 0.14320125046523 -0.0229820864009954 -9.03232268012706 -0.142956806992571 -0.989656700770503 -0.011956837145809 -1.25842626304378 -0.0244566098353208 -0.00854496841639034 0.999664372552171 -0.0307218514076492
-0.988212551585201 0.150981003256528 -0.0253118459444954 -9.92643873213482 -0.150670661042466 -0.988488237867284 -0.0137606503863941 -1.38749657422131 -0.0270980587956425 -0.00978469486914821 0.999584891320305 -0.0246875691626415
-0.988422317758451 0.14863352755206 -0.0304860007945013 -10.8987659322576 -0.14836767093218 -0.98887310464408 -0.0108174458047462 -1.53614613838623 -0.0317546213829031 -0.00616906792063686 0.99947665636663 -0.0196576242783352
-0.987695724546152 0.152920542848406 -0.0327484852810149 -11.8060277996143 -0.152755041405388 -0.988235530865268 -0.00751218082047525 -1.67930409297077 -0.0335119835057596 -0.00241725265333582 0.999435392534765 -0.0175209282253773
-0.987474801400925 0.154513560940361 -0.0319229710981586 -12.7042647146117 -0.154474939965435 -0.987989825545963 -0.00368748428219176 -1.82854526394868 -0.0321093369735316 0.00129000123468007 0.999483529817243 -0.015947783476675
-0.98380108154579 0.175726702917314 -0.0354338514861749 -13.6802140349311 -0.175814361594547 -0.984423123629315 -0.00065109216124281 -2.0003983699507 -0.0349963170410281 0.0055892348054612 0.999371811813728 -0.018379459510428
-0.983749927512705 0.176729798782846 -0.0316647807654422 -14.5888056896934 -0.176836135847546 -0.984240142887567 0.000567615334632064 -2.17068998172119 -0.0310654338012067 0.00615786901731993 0.999498383926611 -0.01994546913632
-0.982041279104748 0.186189511957742 -0.0304695220056015 -15.4912417986185 -0.186355663669531 -0.982478687884227 0.00268225121411909 -2.34849714140999 -0.0294362489560181 0.00831224940824106 0.999532097412171 -0.0185553693602882
-0.979049283899588 0.201278160434744 -0.0308156101304221 -16.3937343696929 -0.20139987080882 -0.979508724900108 0.00086595770965229 -2.53605517544958 -0.0300098606110555 0.00705407517468443 0.999524711195043 -0.0161495064013527
-0.979335275817063 0.199478595954178 -0.0333272755632349 -17.3751074187545 -0.19955297881416 -0.979886406626728 -0.00111299350984658 -2.75031731722391 -0.0328789626769673 0.0055605633084557 0.9994438723355 -0.0160895727708045
-0.976383139667202 0.213575409483815 -0.0325808078082569 -18.2912110820535 -0.213652058397243 -0.976909142650548 -0.00115106402620291 -2.95644888999625 -0.0320743279935649 0.00583707714461711 0.999468441729987 -0.0158666260313667
-0.972416912189829 0.231231992135045 -0.0306123292230003 -19.1989596808963 -0.231274470125155 -0.97288606926702 -0.00219446906883367 -3.16882466921294 -0.0302897401033379 0.00494591138453491 0.999528923846153 -0.0160343974692785
-0.973494790074436 0.226778973766535 -0.0296511509950122 -20.1880254854582 -0.226774125647082 -0.973940833238353 -0.00357061451055241 -3.40749216983666 -0.0296882070009773 0.00324813921793661 0.999553930489339 -0.0184123220472949
-0.971739275752731 0.234561128196346 -0.0265303052906834 -21.1124916242356 -0.234565485480809 -0.972095716599776 -0.00299178701112108 -3.63620129615887 -0.0264917530698095 0.00331585699707007 0.9996435325213 -0.0157363382259269
-0.969519424337978 0.243719306612556 -0.0251592014112642 -22.0318747436176 -0.243756484194825 -0.969835106869754 -0.00162539100214529 -3.86963261424019 -0.0247964159574682 0.00455687033243527 0.999682135825402 -0.0110010422555155
-0.969924730620208 0.242045783030554 -0.0256876594582944 -23.0336951712036 -0.241932687260196 -0.97026428208692 -0.00746978857882916 -4.13477109090994 -0.0267318492884307 -0.00103044819294077 0.999642109162145 -0.0101275638010435
-0.962782321871992 0.269203408742206 -0.0240774876669897 -23.9681902061776 -0.269042127514589 -0.963078904307986 -0.00976512669404678 -4.39222837595938 -0.0258173258336504 -0.00292383284473528 0.999662401457759 -0.00764295245827215
-0.965735550733427 0.258291686295575 -0.0253031784602998 -24.982143661784 -0.25797047532687 -0.966031892206616 -0.0152845379168785 -4.67614370005667 -0.0283915464396443 -0.0082333486681784 0.999562970532859 -0.0105072590352452
-0.96017431257729 0.278066034720023 -0.0272868063688746 -25.9230539839867 -0.277600249036577 -0.960495436936736 -0.0196625877884368 -4.95067174825422 -0.0316763508245453 -0.0113046874698404 0.999434246381246 -0.00612431193732048
-0.956952104243462 0.288694125522503 -0.0299728555998282 -26.8607068933392 -0.288066259596374 -0.957319906956113 -0.0235886800752552 -5.22879946177789 -0.0355035247005924 -0.0139390686322765 0.999272336302521 -0.00108671884725992
-0.955441822175476 0.293454162175742 -0.0318681524368781 -27.880448258176 -0.292693022384177 -0.95583965040407 -0.0264831524377308 -5.53731597433655 -0.0382324349946759 -0.0159755255675069 0.999141162948069 -0.00370406642003985
-0.955638540593017 0.293231397340288 -0.0277547716098123 -28.8343094469908 -0.292546318435977 -0.955890875825067 -0.0262542393518051 -5.83299497697835 -0.0342291002336644 -0.0169700067250568 0.999269927281385 -0.00845103433807919
-0.956082706953986 0.292195211836579 -0.0229742386885134 -29.7812274360287 -0.291650332785582 -0.956214861194513 -0.0243561617833466 -6.13358361044953 -0.0290850623103974 -0.0165860607298308 0.999439323690971 -0.0124829442870246
-0.951879257509312 0.305433163579101 -0.0252281927530331 -30.8151890440588 -0.304931402332188 -0.952122908132112 -0.0218816745651308 -6.46800721053592 -0.0307037293377716 -0.0131358439436279 0.999442209739333 -0.0190730435871629
-0.950628113092988 0.309515383825854 -0.0225037279667283 -31.7803946428408 -0.309081282356042 -0.950807907075135 -0.0208106881324318 -6.79124997840332 -0.0278379506144229 -0.0128277440937524 0.999530138358546 -0.018867068922251
-0.949515165227387 0.313109460132985 -0.0195810361942542 -32.7400284487769 -0.312708332890851 -0.949615717187956 -0.0210591597702153 -7.12202639471071 -0.0251882818753964 -0.0138728383841852 0.999586461898785 -0.018064576584834
-0.948276571168188 0.31693991586157 -0.0179062644671328 -33.7025621974151 -0.316547178790527 -0.948328231406636 -0.0217128790564112 -7.46082246673269 -0.023862694174467 -0.0149216370020552 0.999603879832364 -0.017685230418638
-0.947005673708712 0.32055767638657 -0.020567694891575 -34.7527502415553 -0.320028950074912 -0.947069039257165 -0.0253319165176681 -7.83736447025391 -0.0275993673380207 -0.0174072108665352 0.999467490182842 -0.0214606299532689
-0.947473971289006 0.319016741079659 -0.0228340237530804 -35.8202723360622 -0.318302712628491 -0.947510106775742 -0.0301327179518474 -8.22671792419824 -0.0312483097652719 -0.0212818342427395 0.999285057762837 -0.0251759189059947
-0.939923172637954 0.340978537066061 -0.0166753350339629 -36.7259456093314 -0.34039611739174 -0.939796068378828 -0.0302296729113221 -8.5608217081612 -0.0259790839491062 -0.02273735076885 0.999403872354505 -0.0236176793351234
-0.940373900132955 0.339656382853325 -0.0181788210765613 -37.7838046993223 -0.338950523308005 -0.940209591197561 -0.0334434951723576 -8.95338456252198 -0.0284511985330629 -0.0252876690722845 0.999275268929899 -0.0307472342353847
-0.940222653389503 0.340170526835365 -0.0162903261402382 -38.784759039345 -0.339486947949223 -0.939981132819012 -0.0344104942773006 -9.32401137473114 -0.0270180351862669 -0.0268231731314009 0.999275008772778 -0.0354848431708504
-0.941347243720241 0.337141380525022 -0.01417943151149 -39.7812797770177 -0.336534440953884 -0.941068858365904 -0.0336745284413962 -9.69633108924085 -0.0246968984320568 -0.026927557475124 0.999332261991106 -0.041885209034715
-0.939575945596991 0.341991230684464 -0.0154609375669677 -40.8672023647655 -0.341381438411636 -0.939365873786494 -0.0324109344718462 -10.1043421848017 -0.0256077324948132 -0.0251744572982629 0.999355037379715 -0.0536016557859913
-0.939905002642955 0.34125899350664 -0.0109947877462515 -41.8848739537806 -0.340799768621305 -0.939631886491475 -0.0307804417794084 -10.4914600640629 -0.0208351557329143 -0.0251836700920631 0.999465696783176 -0.0623592333708475
-0.941103420482986 0.338052521400058 -0.00669662081133266 -42.8962064503897 -0.337732524435416 -0.94079026368524 -0.0291619905619818 -10.8795407023882 -0.0161584000974164 -0.0251827824141754 0.999552266555467 -0.0681682877774038
-0.942395292038807 0.334480129389735 -0.00376252395607917 -43.9112035283031 -0.334265418247844 -0.942093526187711 -0.0269521442337565 -11.2695625565403 -0.012559606151786 -0.0241418921923966 0.99962964408559 -0.07079792593735
-0.940397608081394 0.340015502261041 -0.0064650550630326 -45.020036101898 -0.339724821010349 -0.940118986236102 -0.0276285668808499 -11.7002496705844 -0.0154720620565637 -0.0237854985353572 0.99959735161471 -0.076545424447794
-0.938893718570021 0.344152261517239 -0.00614866833793028 -46.0567198964336 -0.343877990738179 -0.938627177431813 -0.0269619968151353 -12.1107853941978 -0.0150503393859452 -0.0232000577360724 0.999617549168386 -0.0755979809382231
-0.93791476595592 0.346841712379359 -0.00408880858046993 -47.0855332240841 -0.346632662902268 -0.937651344198986 -0.0256076889062165 -12.5221480065359 -0.01271569153196 -0.0226005149408001 0.999663707410284 -0.0761322876908333
-0.935362421742889 0.353664607015395 -0.00429950414883373 -48.203439343787 -0.353460854989114 -0.935123615011078 -0.0246829625243298 -12.9736966234787 -0.0127500581035553 -0.02156780919007 0.999686083540776 -0.0825390757593812
-0.935821414216172 0.352471124460616 -0.00154502942201811 -49.2491475269794 -0.352351366994894 -0.935601338395534 -0.0223304672883125 -13.4010531313059 -0.00931637650994307 -0.0203529362489612 0.999749450169776 -0.0837384776255925
-0.937769384523983 0.347257666983658 -0.000833168998903093 -50.2868150483752 -0.347153294715185 -0.937541231914802 -0.0223836643127908 -13.8280056966773 -0.00855402933742985 -0.0207014777429735 0.999749107227084 -0.0809112326750687
-0.933991165301047 0.357248772970287 -0.00581526876587245 -51.4159009514193 -0.357024582771986 -0.933792176203979 -0.0237827449367324 -14.2956676671334 -0.0139266089226079 -0.0201366797526737 0.999700236917274 -0.0802009572665403
-0.933670012087734 0.35811065095873 -0.00413160961465033 -52.4714699739724 -0.357921464725951 -0.933450408154051 -0.0237183600922471 -14.7323995560268 -0.0123504500534366 -0.0206663297890781 0.999710142589604 -0.082103289358992
-0.930240028348784 0.366949282497732 -0.00130909589239213 -53.5162284306679 -0.366814338527032 -0.929983676067708 -0.0240333788420874 -15.1673820382013 -0.0100364689324321 -0.0218766158715441 0.999710299521505 -0.0862172513399793
-0.934897176029954 0.3549050423382 -0.00311145852308272 -54.6560443682396 -0.354686694408427 -0.934567110611069 -0.0279582648549686 -15.6442405837937 -0.0128303959737588 -0.0250345099212665 0.999604248816579 -0.094604978615928
-0.932477740410035 0.36122732151965 -0.000292963372039219 -55.7207886460953 -0.36108634654389 -0.932135878023655 -0.027191087522448 -16.0929478179941 -0.0100952453849648 -0.025249298778543 0.999630211093987 -0.10122458984071
-0.931711719093801 0.363177718910846 0.00390089604994896 -56.781448387157 -0.363149723208821 -0.931356107268702 -0.0264212033534836 -16.5403396877921 -0.0059624690048574 -0.0260335541178064 0.999643287889916 -0.106534721739685
-0.930103054785472 0.367287711465257 0.00283628019607135 -57.93799756222 -0.367227499189714 -0.929743124113415 -0.0268642327769543 -17.0269038160898 -0.00722989056656108 -0.0260280650537178 0.999635067668174 -0.113282615010803
-0.932631326369986 0.360799310668898 0.00476093417415743 -59.0223870472643 -0.360799655325788 -0.932296720335416 -0.0254250657544851 -17.4815047856408 -0.00473474288162983 -0.0254299562067144 0.999665393787926 -0.112142367076151
-0.929366600900893 0.369157834772892 0.000462769611141051 -60.1954266408107 -0.36903078063275 -0.929012354039251 -0.0274286162252358 -17.9718879904979 -0.00969556989070066 -0.025662016059515 0.999623657611331 -0.11140201203889
-0.931352177967565 0.364119502357659 -0.00032954193541755 -61.2938246395625 -0.363972000830159 -0.930999904154613 -0.0276326089211983 -18.4300613320554 -0.0103683753195192 -0.0256157464640926 0.99961809223639 -0.108301488944156
-0.932604715814219 0.360899492591758 -1.69733676508893e-05 -62.3863121437029 -0.360750056922544 -0.932219908519588 -0.028730447092092 -18.8845437360176 -0.0103846266887091 -0.0267880273021897 0.99958719535706 -0.108560423941534
-0.93152725996634 0.36366885014496 0.00138973877014251 -63.4822783999294 -0.363553172494326 -0.931119879106704 -0.0290665013654565 -19.3404207086132 -0.00927656773366745 -0.0275814823125952 0.999576513892019 -0.111669765245907
-0.934003669051234 0.357262576591164 -0.000773024113019619 -64.6801823984919 -0.35707189790768 -0.933571639202354 -0.0307189550869846 -19.8327052591815 -0.011696406432899 -0.0284155915734994 0.999527762611967 -0.12024123156129
-0.935471562490666 0.353393965934207 0.00237920418789195 -65.8032959267963 -0.353322890455306 -0.935098609836004 -0.0274504091605201 -20.2909793962145 -0.00747601843113912 -0.0265197044490492 0.999620335139473 -0.125372718990239
-0.938391096625449 0.345520460559216 0.00614500683797444 -66.9201809248841 -0.345564629115541 -0.938075872622718 -0.0244692522845281 -20.7440981029892 -0.00269014466708436 -0.0250852254937602 0.999681696633282 -0.12789311059279
-0.940269202286502 0.340349011827817 0.00750848715372457 -68.0424255407781 -0.340430699684936 -0.939980666787449 -0.0233084700880888 -21.1989322844195 -0.000875182000376237 -0.0244723561115639 0.999700123958587 -0.128070477986586
-0.941874138915998 0.335963373494628 -0.00131076746980727 -69.269622097028 -0.335799071605008 -0.941522135493467 -0.0278397536812939 -21.697980699202 -0.0105872541513353 -0.0257813895267509 0.999611539551042 -0.127230635648991
-0.940578092608986 0.339560320475583 -0.00341181221135596 -70.4183129753225 -0.339306696694786 -0.940181824552079 -0.0304811804232677 -22.1646489754514 -0.0135579232229005 -0.0275122798118094 0.999529517912021 -0.130010220289861
-0.938931088019336 0.344102660008506 0.00133091167968371 -71.5585751020811 -0.343974460841873 -0.938460616849867 -0.0311968092969217 -22.6278190845291 -0.00948589686696016 -0.0297494537233378 0.999512374992822 -0.143988632106806
-0.938822650456429 0.344395633162991 0.00191803238537454 -72.8038412818647 -0.344313697852663 -0.938444812950207 -0.0277382500867428 -23.12608539246 -0.00775296465833191 -0.0267017022886687 0.999613380579658 -0.161639790638471
-0.939117085839692 0.343574711837089 0.00393909507739364 -73.9717615620758 -0.34357168444018 -0.938845421131484 -0.0229733078023811 -23.5929641384179 -0.00419484623133521 -0.0229279874063806 0.999728318423854 -0.164322866931521
-0.93939862997824 0.342809363292711 0.00345751845339378 -75.1328033585638 -0.342805767405591 -0.939181516707496 -0.0205495622452259 -24.0578655734936 -0.00379734492412724 -0.0204894878865524 0.999782856953285 -0.162156731196484
-0.937865989624924 0.34698993404987 -0.00231757911017385 -76.3962761722817 -0.346839757776601 -0.937619741244465 -0.0239040426315484 -24.5668350373829 -0.010467470101841 -0.0216149600214727 0.999711571190879 -0.16366546555466
-0.938288640287096 0.345845180285077 -0.00235346165857619 -77.5772269119157 -0.345688848661998 -0.938030830342871 -0.0244413836966391 -25.0441726703897 -0.0106605543447552 -0.0221195072243314 0.999698494537835 -0.167604157749517
