0.963489736443175 0.26774040873168 0.00161285487704559 1.12997525152396 -0.266769901083585 0.960476142680524 -0.0794946489859316 -0.31994545954245 -0.022833038442483 0.0761620172640863 0.996833987924644 -0.00526662370164309
0.963488933257251 0.267742094067572 0.00180181994517134 2.16739521452414 -0.266766820154835 0.960511501867101 -0.0790766618256301 -0.611319089202089 -0.0229028198106981 0.0757088227706558 0.996866909371256 0.000440090070646081
0.963478544337214 0.267776591998854 0.00218892195435778 3.19910663359792 -0.266732025165293 0.960380359998979 -0.0807687493988512 -0.903369618582585 -0.0237301781085697 0.0772351015129278 0.99673046393758 0.00467604066709144
0.9637325714877 0.266549135746405 0.0130800950512433 4.3305811184138 -0.264548839466597 0.960652712715021 -0.0846184205131968 -1.22569209312556 -0.0351203956495657 0.0780892040304915 0.996327573654018 0.00411221013789561
0.963961041091767 0.26576806876392 0.0121014413510093 5.36455968284946 -0.263817690521607 0.960778559033902 -0.0854680447219013 -1.51930923022336 -0.034341482570224 0.0791952910609958 0.996267418140653 3.39682647363553e-05
0.963540265934925 0.267121851690453 0.0153646435532212 6.48681249066463 -0.264827759321818 0.960305687208451 -0.0876313015291358 -1.83735533269339 -0.0381629901165962 0.0803673034546291 0.996034478680729 -0.00575191381651085
0.96383141922362 0.266165294640381 0.0136026191000441 7.52921521912286 -0.264025961966236 0.960549859133029 -0.0873742497954734 -2.12728096008811 -0.0363219868011821 0.0806226025908208 0.996082681922689 -0.0132909065641762
0.958307856894115 0.285537760939969 0.0106882408466762 8.57080130518625 -0.283613339631898 0.955070187531107 -0.086048884200431 -2.40702995870116 -0.0347782259157864 0.0794299941249291 0.996233582567594 -0.021178927677526
0.962887797457222 0.269441337589041 0.0157624587614671 9.70166244836242 -0.26718465297742 0.959832860641703 -0.0856343438446391 -2.7096336431448 -0.0382027580328252 0.0782447776570056 0.996201939391854 -0.0287947842245974
0.960824826047139 0.276729226061238 0.0153814529558181 10.7479336338742 -0.274488893859734 0.957792058267038 -0.0853827867210543 -3.00035385798413 -0.0383601459739597 0.077815863190879 0.996229486933967 -0.0328747566564236
0.967072441528621 0.253980150843053 0.0162780777001207 11.7778806224211 -0.251728191707427 0.963992778281948 -0.0857370452019557 -3.31050576290569 -0.0374674570204592 0.0788162825689807 0.996184813810382 -0.0327327842465459
0.953547223527345 0.300860849881603 0.0151803001225175 12.8869406205853 -0.298448927140672 0.950349034163457 -0.0881189602365326 -3.6394995124591 -0.0409381288271924 0.0794950455884235 0.995994280774253 -0.0333690038852677
0.944209780684254 0.329172168158202 0.0106570995219112 13.9170727588205 -0.326964020627692 0.940777442398867 -0.0896232842983472 -3.94674928682024 -0.0395274496415598 0.0811386935036315 0.995918718139867 -0.0333888306027938
0.923954296361469 0.382470896615596 0.00494686539572815 14.9315211004165 -0.380471961334563 0.920302587888305 -0.091017764004177 -4.24575060529786 -0.0393642588322481 0.0822141105173028 0.995836982220702 -0.0329288534115701
0.930837087969965 0.365295983458827 0.0100578391537297 16.0291273314287 -0.362910507996633 0.927287142638918 -0.0918396335041593 -4.56860154675186 -0.042875154171384 0.081837641494612 0.995723014492172 -0.0313350701519584
0.922331098871936 0.386343100251837 0.00665980040871394 17.0458642677411 -0.384119552257738 0.918620300800947 -0.0926763860413956 -4.8662180018406 -0.0419227101580959 0.0829201534259191 0.995674010170408 -0.032830287668289
0.900401213777837 0.435057238208608 -0.00168929266097444 18.0477064928874 -0.433224130138099 0.896237482350751 -0.0952639926503005 -5.15884086374323 -0.0399312821417396 0.0865076569552529 0.995450610525016 -0.0357199967491184
0.911845866535122 0.410526107249791 0.002330439689007 19.130687260425 -0.408472169412593 0.90782253511356 -0.0949143379862153 -5.47651841628276 -0.0410804393620756 0.0855953270121941 0.995482715819563 -0.0385675291858171
0.886815003051016 0.46208772717557 -0.00583804396535393 20.1351914004909 -0.460605819999642 0.88280655174485 -0.0921676232677488 -5.76522859264049 -0.0374356640929793 0.0844246681372494 0.99572639136654 -0.0434000237903388
0.877184887878237 0.480029770652851 -0.0108670034974308 21.1238427479178 -0.478905849803988 0.873052808440921 -0.0918040342084304 -6.05291204208008 -0.0345812015633102 0.085733382998652 0.995717795129746 -0.0486412823462761
0.860193074587446 0.509901422735458 -0.00827124683174069 22.1969445774482 -0.508429895117659 0.85622606241643 -0.0915203353878456 -6.36161913138694 -0.0395842921174732 0.0829305078436994 0.995768856053624 -0.0490550039327337
0.877302007512711 0.479906837967326 -0.00553303590874493 23.1916107754695 -0.478491192270894 0.873703133517201 -0.0876870195719088 -6.64796328292929 -0.0372473694822003 0.0795755072520951 0.996132708082727 -0.049050459894162
0.887109786166193 0.461525466634223 -0.00552004857165904 24.1755287661147 -0.460282646267386 0.883705770923725 -0.084876357021244 -6.93146538728489 -0.0342945015018883 0.077835429491769 0.996376200580166 -0.0514430364493044
0.885840174479242 0.463985662911299 -0.00211893637189116 25.2414869370541 -0.462517117013216 0.882654365701656 -0.0836611449694003 -7.2406715240934 -0.0369472833692518 0.0750904475986883 0.996492008463219 -0.0544387717354033
0.886146972121934 0.463380198200348 -0.00472606759705693 26.2336510762428 -0.462154397541902 0.882962334147184 -0.0824064882763508 -7.56216700516988 -0.0340125951936555 0.0752084329923502 0.996587595234371 -0.0606764218960971
0.891296036997422 0.45335064494137 -0.0080353695579423 27.2218391854565 -0.452520936845436 0.888268822723661 -0.0787610328376418 -7.85160721805674 -0.0285687967758105 0.0738355693982733 0.996861140050315 -0.0580590131591388
0.886676183059129 0.46234145578572 -0.00676200100808691 28.2974429399021 -0.461476997410985 0.883910065248025 -0.0757758366088774 -8.16214775328489 -0.029057309858864 0.0703091374941737 0.997101949616282 -0.0505222246825827
0.885762284606782 0.464093824904232 -0.00648820883856041 29.300770642986 -0.463304525888798 0.883245083408087 -0.0722982636471946 -8.45008473723691 -0.0278224991531779 0.0670450917010593 0.997361952462428 -0.0378192975148802
0.886746426088115 0.462212527153521 -0.00635260279803804 30.3074279402183 -0.461439774987578 0.884280323716987 -0.0715656561934328 -8.7745884812766 -0.0274610611478723 0.0663919334658895 0.997415661242239 -0.022735422332628
0.888007968368714 0.459814889701226 -0.00348070721506435 31.3971612337671 -0.458929796077196 0.885774954419238 -0.0691821681948649 -9.08433291944028 -0.0287278677630432 0.0630317168784786 0.997597971269559 -0.0120933102155828
0.887955695579703 0.459887498363752 -0.00617831176732232 32.4103936486359 -0.4592453911356 0.885823766359575 -0.0664072712377856 -9.36410807954172 -0.0250669784432353 0.0618040759276396 0.997773472683282 -0.00371012291638213
0.891438618006345 0.453122853574135 -0.00410729786705329 33.498878824681 -0.45237841560148 0.889375158003136 -0.0660726677590128 -9.66940509708796 -0.0262861070687433 0.0607577805365877 0.997806360312179 -0.00150099467903469
0.888286407704446 0.459251904866619 -0.00591149421978707 34.5251068389453 -0.458627523950554 0.886240748723215 -0.0651009184075028 -9.9811802739162 -0.0246587137237951 0.0605394349073299 0.997861175043196 0.00953967735819386
0.882318273133729 0.470569781769918 -0.00886258310681528 35.5428388849285 -0.470137864299405 0.880314884800192 -0.0633726451335356 -10.2847026831976 -0.0220193879639622 0.0600814787121519 0.997950581175968 0.0194498692890259
0.887126994923512 0.461488733395905 -0.00581754472455559 36.6527948195322 -0.46089333867528 0.885182221628463 -0.0634804290916047 -10.6154356868359 -0.0241459156532082 0.0589964699074835 0.99796612732884 0.0262180975540495
0.881689068114979 0.471782013775303 -0.00679107095074409 37.6860152739155 -0.471269508176019 0.879846925030546 -0.0614364645615981 -10.9216882406116 -0.0230095160764295 0.0573682838545401 0.99808789301219 0.031711438634563
0.87437937524101 0.485176119428418 -0.00805240892657961 38.7094644896379 -0.484753539577807 0.872632113728196 -0.0593902345259707 -11.2261749791429 -0.0217879328970493 0.0558330298895228 0.998202363628452 0.0337748499250308
0.877809288327812 0.478975400798053 -0.00578089575794082 39.8197894938524 -0.478446071792938 0.876125907641367 -0.0590994953066461 -11.5593138718486 -0.0232424119085576 0.0546439327824911 0.998235358469502 0.0280930541082925
0.868489201027671 0.495622462608912 -0.00921315666828684 40.8489140251996 -0.495300440980574 0.866871512424326 -0.0566679284217502 -11.867220390043 -0.0200992751800934 0.0537787644395246 0.998350571509123 0.0148061328689198
0.856858101051481 0.51539258475283 -0.0128327021412801 41.8733226884823 -0.515270748872048 0.855302242883644 -0.0543518967014921 -12.1709690468312 -0.0170367256035063 0.0531841790385761 0.998439378771041 -0.00139401184834773
0.85061162316065 0.525687657372063 -0.0105996901216992 42.996900352849 -0.525424021051782 0.849082869290147 -0.0546614963186235 -12.5056235599718 -0.0197348586460702 0.0520650359136203 0.998448680398513 -0.016733960768582
0.847420296347136 0.530762961684609 -0.0130199785988597 44.0330826972806 -0.530602934890447 0.845804409934459 -0.0554565200951935 -12.8451405130401 -0.0184219115342792 0.0539034195502155 0.998376208919371 -0.034657142722735
0.842165892444917 0.538969993931236 -0.0163693385394639 45.0642192738079 -0.538983636282527 0.840515133562397 -0.0550540649930022 -13.1849276597307 -0.0159138123063428 0.055187461387092 0.998349184746262 -0.0525584680730927
0.842297161085751 0.538804645573866 -0.0150015444173325 46.1916048227266 -0.538735252174714 0.840642266653635 -0.0555419443275956 -13.5601819568527 -0.0173153253256221 0.0548646828429984 0.99834365129719 -0.0677493953301954
0.841519982478054 0.539917371682058 -0.0182578981833592 47.2493886305848 -0.540019586377264 0.839783756145277 -0.056054341878769 -13.908429474066 -0.0149320266228132 0.0570304714207363 0.998260767490371 -0.0765716488460333
0.83950874693186 0.542957045957823 -0.0205599141450937 48.2973273335781 -0.543193131564047 0.837773187308357 -0.0554734932093093 -14.2561455532845 -0.0128951791977667 0.0577384869212416 0.998248456788941 -0.0820925461833034
0.84145425785462 0.539995618222859 -0.0189595421474993 49.4354163806973 -0.540090505208705 0.839524885264454 -0.0591625997156475 -14.6381604182383 -0.0160305371630769 0.0600224901334487 0.998068295537155 -0.0837249301418858
0.831602308180624 0.554914741861141 -0.0225217737720852 50.501077401212 -0.555206917607069 0.829684407319249 -0.0580436292160139 -14.9889419496073 -0.0135233009992176 0.0607734606262605 0.998059971551606 -0.0783290172691511
0.825692927831756 0.563402714194166 -0.0284353752792061 51.5585517704883 -0.564073399491527 0.823928658390782 -0.0544312949362844 -15.3342377032836 -0.00723801869957129 0.0609831740811735 0.998112550549431 -0.06944970151025
0.809391601766184 0.586581609865436 -0.0284121445520076 52.7071283771021 -0.587222340383913 0.807767318154245 -0.0517868967591386 -15.6993316074319 -0.00742683946312492 0.058600125337535 0.998253909266582 -0.0636876566484735
0.812499215083151 0.582336091480508 -0.0270129977690193 53.7753183059133 -0.582921828206155 0.81102423611726 -0.0494148826894476 -16.0389224475318 -0.00686787376548481 0.0558960194434475 0.998412974334929 -0.0498574466714939
0.820030647954863 0.571778832310463 -0.0248737479365299 54.833339486541 -0.572278079418795 0.818672788602102 -0.0476724765372646 -16.3720077879754 -0.00689465238164059 0.0533275925215305 0.998553269307348 -0.0367663204002608
0.825055929470343 0.564677354171901 -0.0205474799245645 55.9843443934358 -0.564971579640903 0.823784315176945 -0.0467601995987759 -16.7153013985016 -0.00947773411171753 0.0501885221328076 0.998694790615347 -0.0247882947263907
0.83429052045688 0.550919595672404 -0.0211406381157966 57.0599891674457 -0.551277779518185 0.833103242994933 -0.0450754514212348 -17.0353757856416 -0.0072206152984856 0.0492603858641245 0.998759869587895 -0.0151195154936396
0.842615148819276 0.538226885729274 -0.0176502254500456 58.2133691109459 -0.538429596806414 0.841439161345551 -0.0455379735713112 -17.3688586573313 -0.00965817079746268 0.0478743901503289 0.998806669233131 -0.00133820851208163
0.844825382266806 0.534711447142543 -0.0188080241512245 59.2857485579873 -0.534979820570615 0.843668500497646 -0.0449449980563877 -17.6902484588989 -0.00816486741956288 0.0480325885496783 0.998812397488757 0.0126046909973788
0.844802009285128 0.534680541493474 -0.0206466378874738 60.3475358696252 -0.535041789930481 0.843658902709303 -0.0443839938189894 -18.0100041010331 -0.00631253798399799 0.0485425012497413 0.998801170121771 0.028639872283013
0.844807478511394 0.534608527814428 -0.0222271509490318 61.4098201223931 -0.535057592569859 0.843770738817355 -0.0420037254176821 -18.3278041261666 -0.00370093023019924 0.0473778672346726 0.998870182161689 0.0486432191234942
0.84104183974549 0.540615834386393 -0.019574049356902 62.5624307470044 -0.540936977193155 0.840039419042423 -0.041484468901076 -18.6826289706641 -0.00598418771895209 0.0454785011359776 0.9989473937259 0.0696264267229402
0.844203008508298 0.535701553764578 -0.0185775595747865 63.6377421435021 -0.535991606884775 0.843266952704882 -0.040172675102637 -19.0111035469217 -0.0058547224200388 0.0438713091899599 0.999020035062032 0.0928879070912671
0.851356949183289 0.52430443461183 -0.0172106049775522 64.700399780107 -0.52455910734086 0.850516369590795 -0.0382053394679024 -19.3342089405277 -0.00539332764490277 0.0415543608357261 0.999121687840099 0.111209142877064
0.838684807012866 0.544433871222962 -0.0141263707642851 65.8636883938787 -0.544564978384436 0.837963507056613 -0.0355829335291928 -19.6771133137141 -0.00753517106314556 0.037535592529786 0.999266881513886 0.123657144249862
0.843754394452778 0.536510607327588 -0.0153261236654625 66.9473586274066 -0.536712555271564 0.843157080137889 -0.0320276634680205 -19.9979437814363 -0.0042608514989079 0.0352492047900952 0.999369470569404 0.133461715519649
0.849805012805902 0.526817358550531 -0.0171729711990241 68.0210454298368 -0.52709636307167 0.849295086632608 -0.0294496155888551 -20.3169408506214 -0.000929648632634831 0.0340782416147559 0.999418735666821 0.139109625671327
0.842822896110473 0.53800261978652 -0.0142389218270082 69.1907688262656 -0.538183441191613 0.842375679777361 -0.0276006838101189 -20.6608739290843 -0.00285471874442081 0.0309256402111914 0.999517611329795 0.143787244416591
0.844976293586078 0.534573519456071 -0.0156912578808904 70.2811965202896 -0.534803742252043 0.844604622035161 -0.0250597228647093 -20.9795806070446 -0.000143355316635935 0.0295666151798583 0.999562801786891 0.151266301806217
0.843956260648456 0.536097781386899 -0.018357529907904 71.3621952204213 -0.536403670415098 0.843639481475947 -0.0233136796797142 -21.2906456355395 0.00298872506042357 0.029522772346802 0.999559639759165 0.15587032882385
0.848793525417875 0.528533919983121 -0.0141931897743508 72.5311065713302 -0.528723930683024 0.848448931428518 -0.0241953689970066 -21.622340768054 -0.000745876523816016 0.0280411516361803 0.999606491317022 0.159056645927075
0.844911101668934 0.534713095364824 -0.0143922174093619 73.6218495073918 -0.534906669988823 0.844590454010292 -0.0232770143308792 -21.9206923519338 -0.000290994947728158 0.0273655009100635 0.999625452197913 0.164510629277969
0.839487119791404 0.543129987226587 -0.0164679288188043 74.701898494366 -0.543377218553262 0.839187329373601 -0.0224905441491506 -22.2162275765464 0.00160438824931965 0.0278288194872068 0.999611415873335 0.167002391128421
0.846566926639275 0.532140047847167 -0.0123048038484436 75.8767973508406 -0.532279862784993 0.846266985847249 -0.022590625015752 -22.5316840934753 -0.00160822701251582 0.0256740752944912 0.999669072975476 0.164809300175595
0.844310381429059 0.535664265150301 -0.014274972928358 76.973029932549 -0.535854348874857 0.844026046805357 -0.0219123048999174 -22.8308329776705 0.000310810267011765 0.0261500928317704 0.999657979531933 0.160696886925512
0.847732260216884 0.530324233284413 -0.0103064338581628 78.15483660008 -0.530413350058781 0.84742933933003 -0.0229170879932897 -23.1464240819835 -0.00341951268388142 0.024894224912008 0.999684242398086 0.152499063213033
0.845686332984635 0.533567516320118 -0.0109695820787452 79.255593652364 -0.533669374416132 0.84535909310361 -0.0237697816005476 -23.445157971237 -0.00340954737426235 0.025955909443183 0.999657274145334 0.146048761721697
0.842625362484605 0.538323757468693 -0.0137851602267388 80.3441811538146 -0.538495947428624 0.842240420925247 -0.0255575421864547 -23.7447713048017 -0.00214781298958661 0.0289586861658299 0.999578301782762 0.139662548956515
0.847142238827607 0.531249346836142 -0.0111426514045292 81.5239977849742 -0.531335653025401 0.846682477936217 -0.0284816674346774 -24.0745052450507 -0.00569657951951046 0.0300485114766158 0.999532208555491 0.131944910486304
0.845394312238679 0.533947666179809 -0.0144342168345451 82.6262250498061 -0.534133931256658 0.84491654551934 -0.0285827673253368 -24.3804563029031 -0.00306599328120333 0.0318735139073278 0.999487207920341 0.124293004678881
0.846998415330961 0.531292312539702 -0.0179489014443153 83.7188162875543 -0.531595259826022 0.846540967199964 -0.0278364973129779 -24.6855730160966 0.000405163358430098 0.0331190200393392 0.999451332659218 0.115704514188525
0.847398296584084 0.530729421619663 -0.0155694564340387 84.9086660798618 -0.530954116086331 0.846919694015309 -0.0285439748458465 -25.017461168701 -0.00196304798156169 0.0324547826409888 0.999471276989163 0.104655771821907
0.857812550877411 0.513708276036979 -0.0161689420898605 86.0187785560706 -0.513961333433847 0.857313946705755 -0.029266781830351 -25.3304229238619 -0.00117272848210501 0.0334156238145852 0.999440854074411 0.0987167032281005
0.867878164162558 0.496461050180705 -0.0177177262452062 87.1183380632961 -0.496775906356097 0.867402269239463 -0.0287576456322452 -25.6354830959458 0.0010913449995463 0.0337598722109817 0.999429377192 0.0928164172848873
0.865642935660633 0.500409850542815 -0.015883621141298 88.3118463384478 -0.500659373468097 0.86510269548529 -0.0306189160915215 -25.9645182045845 -0.00158104376173732 0.034457332221218 0.999404919217841 0.0864761875112107
0.864004552165327 0.503152387529859 -0.0182704340560595 89.4181428915213 -0.503483813066708 0.86340428163088 -0.0322039817611913 -26.2643650258546 -0.000428739319855161 0.0370232546444469 0.999314312315263 0.0755096024515425
0.854878049995663 0.518297894064163 -0.0234693980380337 90.5094549681733 -0.518823985503025 0.854193385071776 -0.0342831294717837 -26.5598806940641 0.00227853074855031 0.0414843814980367 0.999136554425546 0.0622359156652373
0.865970360611907 0.499683983852856 -0.0202793200730004 91.6928171395946 -0.500093934814628 0.865160040606814 -0.0374721296277686 -26.8823354471905 -0.00117936563801849 0.0425913185773268 0.999091882000117 0.0465321073027643
0.857563327692354 0.513782363028328 -0.0247552507207034 92.7905549416364 -0.514377868879231 0.856637936693654 -0.0398353288489329 -27.1839135008663 0.000739597511702204 0.0468948702766964 0.998899556580767 0.0303274542482323
0.849277527907123 0.527173672266274 -0.0285587090264811 93.8755770680308 -0.527941818065438 0.848258056996684 -0.0416617987846502 -27.4821356048034 0.00226215157061382 0.0504597662450338 0.998723532645931 0.0148210397667586
0.852387884232881 0.522220249620844 -0.0268496871292307 95.0515025037301 -0.522909779229358 0.851312927400429 -0.0427979255013424 -27.8057601051043 0.00050754241120573 0.0505203971367689 0.998722900445286 0.00127811138549571
0.849969804879553 0.525899942767557 -0.0313142298339925 96.1421269036997 -0.526818453199554 0.848862962938738 -0.0435199669037077 -28.1098920733762 0.0036943418151216 0.0534875719017881 0.998561681365054 -0.0134232762800933
0.846766955608612 0.531068578941787 -0.030852671684562 97.3112481788475 -0.531958514395157 0.845596817808539 -0.044566362590785 -28.4388410826014 0.00242112614766454 0.0541496645679894 0.998529895383884 -0.024343426074232
0.851722599213054 0.522825732996816 -0.034955212860211 98.3960539462929 -0.523943413301166 0.850662282878906 -0.0430926924846241 -28.7475842169504 0.00720511263510515 0.0550175735887404 0.998459389734166 -0.0324987997234436
0.856063515612083 0.515494387327909 -0.0376934194695452 99.4691348777489 -0.516769403489762 0.855060170751119 -0.042678894220744 -29.056224230726 0.0102294112596677 0.0560146501238123 0.998377542874832 -0.0351781693370999
0.844642820047691 0.534269554323701 -0.0336830797974093 100.632254149732 -0.535317016963131 0.843391204943991 -0.0461190499991162 -29.3933120283988 0.00376800896770136 0.056985250248454 0.998367909822096 -0.0307153063918788
0.84173546841283 0.538907820452492 -0.032553990093082 101.712006299138 -0.539885958876886 0.84043563105171 -0.0468092027949989 -29.7072542642695 0.00213368775175885 0.0569764083973515 0.998373244965387 -0.028998697995102
0.836727231761857 0.546510461928968 -0.0348404166210365 102.779622244755 -0.547612135604291 0.835358773368564 -0.0479235713931953 -30.0203773223043 0.00291351455281768 0.0591779921791589 0.998243195155666 -0.0295748078038042
0.836826460450829 0.546519066949668 -0.0322239747673046 103.940151511962 -0.547468240003652 0.835371767569364 -0.0493207475140336 -30.3501615232261 -3.57301531560203e-05 0.0589145093207358 0.998263031126993 -0.0329577288546191
0.835683850878196 0.548106746332384 -0.034806551198289 105.021996867257 -0.549207892845516 0.834205661544603 -0.0497152359254471 -30.6575165450311 0.00178656586221107 0.0606622524463273 0.998156750871604 -0.0371107489743261
0.834871306468336 0.54925143378321 -0.0362320869250378 106.097061634634 -0.550434485803117 0.833454929827333 -0.0487314763287225 -30.9519568145091 0.00343197822168174 0.0606279014448482 0.998154536678504 -0.0370727661243979
0.832634915200116 0.552861871466339 -0.0326013660516701 107.264054314949 -0.553822260504743 0.831186571401608 -0.04908958434393 -31.2769671969969 -4.19417983935351e-05 0.0589290641396954 0.99826217179682 -0.0358094582737971
0.832132600377884 0.553625071699688 -0.0324748421683388 108.357387928379 -0.554575832792304 0.830807934064206 -0.0469448866085748 -31.5739062328444 0.000990490316332627 0.0570741332083431 0.998369451779975 -0.0309451440981999
0.833879400089541 0.550945219794938 -0.0332341825748229 109.438177088622 -0.551940035267486 0.832651980308715 -0.0453086874330358 -31.8706383430344 0.00270990317845351 0.056125256997938 0.998420057867268 -0.0276232456256037
0.825232342846846 0.564050182521608 -0.0289650119428214 110.612969526283 -0.564793096833873 0.824093182924678 -0.0433495516225928 -32.1911321380725 -0.000581453619542529 0.0521326908418885 0.998639997425134 -0.0239915829055261
0.8268597980071 0.561648209712543 -0.0292260665563506 111.703457234018 -0.562407559560409 0.825814042719157 -0.0415800889507473 -32.491408661417 0.000781913656803382 0.0508178647184391 0.998707631510089 -0.0214473244068585
0.829571695189061 0.557642940706784 -0.0290715190700606 112.782166556765 -0.558397629535651 0.828601324562082 -0.0401488762349906 -32.7919787954779 0.00169996179873102 0.0495398386539191 0.998770701670822 -0.0179018731167244
0.821070577902566 0.570293733475827 -0.0246609744525748 113.952415554416 -0.570821557638266 0.820113474517154 -0.039706904321903 -33.1154035805804 -0.00241980126722578 0.0466791867282029 0.998907001721491 -0.00410189883743113
0.822666371708886 0.568011010263496 -0.0241564293467056 115.033247995138 -0.568521941245855 0.821793791758587 -0.0379178869280945 -33.4103399461432 -0.00168617359290644 0.0449272305677605 0.998988839162943 0.00907566212787576
0.823804010456994 0.56630524531028 -0.025403178719187 116.098623238614 -0.566874522961979 0.82301384273333 -0.0360761678390262 -33.6983019325162 0.000477044657384894 0.0441201065658662 0.999026120091467 0.0231040091162844
0.821891258837746 0.56923254145828 -0.0216580791173903 117.251039206289 -0.569641488672092 0.821170933094138 -0.0344510235660574 -34.0143176020157 -0.00182565866249203 0.0406523355571637 0.999171684238597 0.0355492896980854
0.820734561887535 0.570865704351705 -0.0225194697608833 118.324633254792 -0.571309703687839 0.820099293187115 -0.0322857830338828 -34.3066454033938 3.73549616650103e-05 0.0393636495898071 0.999224950496923 0.0483648896352802
0.821005871192247 0.570382198595457 -0.0247690733229014 119.384245363763 -0.570913323174674 0.820429454021957 -0.0308786073987788 -34.5927743157818 0.00270866932525618 0.0394925119313723 0.999216195130882 0.0603572692657885
0.819133079078403 0.573231236584009 -0.0206627240195075 120.531033013862 -0.573602806167558 0.818543568840609 -0.0310845084629754 -34.8963584480093 -0.000905271363941462 0.0373145456095708 0.999303159791716 0.0747478682150365
0.815854879724095 0.57788176256731 -0.0208202719118836 121.595417699927 -0.578255710923881 0.81525776644543 -0.0312267038659091 -35.1821455526265 -0.00107145429353046 0.0375158998627358 0.999295456430772 0.0854020890388597
0.809077151120285 0.587285082820296 -0.0221448646833355 122.644285205155 -0.587702366354537 0.808483011001743 -0.0310024112422897 -35.4658674243461 -0.000303506776647932 0.0380979319427684 0.999273964168646 0.0938209439381863
0.814275371904188 0.580159621383687 -0.0192466211641516 123.770210815328 -0.580477600228844 0.813759039859182 -0.0290169033500885 -35.7519875764839 -0.0011723237022412 0.0347999822327814 0.999393609592204 0.0993179128940577
0.811760021858199 0.583615617025321 -0.0209398776723672 124.815945715055 -0.583989546137718 0.811319903502354 -0.0267623650448873 -36.0239695321594 0.00137000534376695 0.0339532876918797 0.999422481906561 0.100083393127428
0.811482297009457 0.584101648363891 -0.0179372801406383 125.935151618765 -0.584375491087559 0.811028010804251 -0.0271818157428196 -36.314821852123 -0.00132930674920425 0.0325396691668315 0.999469560754143 0.102885440534083
0.810706390592545 0.585139098908388 -0.0191672423965998 126.968814821993 -0.585452816317303 0.810250098047295 -0.0271988691031299 -36.5904725812979 -0.000384861727191648 0.0332718130409231 0.999446265858461 0.0971162895813479
0.802690117534863 0.596006571617266 -0.0215578709733524 127.989800104457 -0.596396280449978 0.80217929580917 -0.0286330934503671 -36.8515270210576 0.000227765894398423 0.0358405352099896 0.999357495673374 0.0916777710207222
0.818326812251752 0.574514008439164 -0.0165795795197386 129.097967424651 -0.574732484335321 0.817711954328009 -0.0320894250310046 -37.148126285367 -0.00487850383204867 0.0357884598192278 0.999347480281072 0.0906908351776909
0.810816093004972 0.584968157560622 -0.0197362094710487 130.133382083057 -0.585294297267088 0.810184318348887 -0.0321240702305329 -37.404528154601 -0.00280159075901064 0.0375982039688113 0.999289010320607 0.0889048297213907
0.801442827775597 0.597559005812354 -0.0247513308653636 131.152523402806 -0.598071088078243 0.800797735342946 -0.0321552588936648 -37.6642864746758 0.000606145167569676 0.0405736569976275 0.99917636628669 0.0858548347133076
0.81503787554358 0.579004089880669 -0.0216223340754036 132.256618804697 -0.57940412377611 0.814334376065227 -0.0339173305214055 -37.9450808110113 -0.00203046316136079 0.0401719785412291 0.9991907172104 0.0860296898578881
0.812352668617151 0.582749827131305 -0.0220404348647918 133.280053831108 -0.583154823944801 0.811517105420076 -0.0370194397652392 -38.2126652533019 -0.00368688222001565 0.0429258265972483 0.999071459061082 0.0862921844468221
0.812853953090299 0.582098420906111 -0.0207335313945338 134.287929083486 -0.582445739927243 0.812000329378584 -0.0375822448728031 -38.4814076944964 -0.00504093107302308 0.0426250333452593 0.999078423121144 0.0807891811586607
0.798381390392869 0.601790945095645 -0.0208521911376699 135.378331254521 -0.602094206029181 0.797345615143238 -0.04150345862627 -38.7742045343758 -0.00835000242169149 0.0456905724711582 0.998920742124627 0.076051840304037
0.793621074740269 0.607964151759447 -0.0233490878519789 136.396730032001 -0.608365338642008 0.7924980801058 -0.0428766576078134 -39.0517622186257 -0.00756336347789983 0.0482325948300343 0.998807495130499 0.0742092731821515
0.789284619137601 0.613520292999151 -0.0249527567825781 137.403660740362 -0.613981509781055 0.788076084685057 -0.0443033903268006 -39.3235135980935 -0.007516358146842 0.0502885158431598 0.998706448129029 0.07719694361275
0.797991217626813 0.602324033664558 -0.0203905630264256 138.485594184076 -0.602543344905958 0.796676883750547 -0.0474073876843953 -39.6198830703054 -0.0123099187657528 0.050116877073235 0.998667494480724 0.0814098582687975
0.797980757643518 0.602348102357659 -0.020086662659738 139.495800173547 -0.60252935990653 0.796581882776213 -0.0491495115268951 -39.8966102587396 -0.0136044434398466 0.0513231684410706 0.998589430897334 0.0861251619508915
0.797941394028681 0.602334440331085 -0.021971656437455 140.488309823529 -0.602590971700705 0.796423459802875 -0.0509292990372112 -40.1685260716314 -0.0131777281945152 0.0538785176731757 0.998460541440157 0.0889912363412748
0.801050285790359 0.598228257796858 -0.0210093124238375 141.554232051271 -0.598396455282048 0.799379894430702 -0.0539765382906573 -40.4592340947475 -0.0154958685160967 0.0558098195060424 0.998321161803973 0.0913069943679805
0.804053897648222 0.59398594562095 -0.0260389339545814 142.533295106004 -0.594431784643066 0.802217359197176 -0.0556611355325336 -40.7359806379983 -0.0121730473902741 0.0602329229532841 0.998110120131911 0.0869285874284752
0.810029687146478 0.585535523444753 -0.0316236735003963 143.494234665653 -0.58634132227081 0.808098547580424 -0.0563967303673737 -41.0135303979002 -0.0074672444114052 0.0642252923908505 0.997907486733219 0.0782933966681647
0.821876868099167 0.568752773294691 -0.0322288155709205 144.531405760408 -0.569615696775448 0.819743586944348 -0.0596524069140266 -41.3171807794386 -0.007508106986982 0.0673849726067543 0.997698799135419 0.0684268801933669
0.829148625093752 0.557920026482804 -0.0351824040476236 145.494010249158 -0.559010421745886 0.826976309302515 -0.0601459244827071 -41.5994310860823 -0.00446160112853128 0.0695372411145252 0.997569379147911 0.0618562926418272
0.826869540905823 0.561384352714682 -0.0336804223446302 146.526132212379 -0.562348118525747 0.82455528397114 -0.0622348557146911 -41.8974255186478 -0.00716630398103927 0.0704002287098019 0.99749308362758 0.0594300334476346
0.826367248264018 0.562162869723776 -0.033016342930231 147.481438329697 -0.563073820112302 0.824021436054209 -0.0627419000931692 -42.1706218786111 -0.00806499229367154 0.0704384896707109 0.997483521203339 0.0576177591975439
0.823335615921042 0.566659521949833 -0.0318661221284864 148.4239708724 -0.567462928558666 0.820893508682622 -0.0641846719580224 -42.4413317541745 -0.0102121627260778 0.0709283694040871 0.997429134398095 0.0557270602927754
0.814791813823391 0.579056504946156 -0.0284229520974356 149.436592796187 -0.579570267931364 0.812321592969168 -0.0650533175633905 -42.7329111103748 -0.0145809689787343 0.0694780085752148 0.997476917862295 0.0546664406026157
0.812043922096041 0.582834862973609 -0.0298025349494729 150.37493753516 -0.583451256903376 0.809644240901403 -0.0637246733460852 -43.0021123995627 -0.0130115104716004 0.0691355601534206 0.997522418253104 0.0456682411277038
0.811958739308985 0.58279792123733 -0.0327045663663685 151.292537343332 -0.58363707701709 0.809660830300174 -0.0617827015319239 -43.2677356250961 -0.00952722366243081 0.0692526019661428 0.997553662280985 0.0365415915154622
0.807634563401264 0.588825493134533 -0.0317954499028612 152.276806281879 -0.589579678205522 0.805307092284574 -0.0622598599680435 -43.5548838566254 -0.0110550914390175 0.0690291659448432 0.997553386642657 0.0330290656089498
0.810205197145266 0.585201079747749 -0.0332751375785346 153.180320802003 -0.586077393122144 0.807932700608949 -0.0613028592961604 -43.8213163678396 -0.00899042768477785 0.0691697010894222 0.997564396247803 0.028629152863829
0.811194868722829 0.5837812895614 -0.03409238794488 154.062894280157 -0.584715911319381 0.808896769150186 -0.0615899334984098 -44.0819924626544 -0.00837782834047458 0.0698957997051344 0.9975191171982 0.0269701523457857
0.812195688900539 0.582585227168183 -0.0305387625286026 155.005220685981 -0.583240787707063 0.809717246313837 -0.0647160302922214 -44.3634890189584 -0.0129748405087247 0.0703735327188798 0.997436323484581 0.0322163004741039
0.807063962783342 0.589619235216805 -0.0315739994109177 155.86978877403 -0.590274200850778 0.804294419590468 -0.068460604917055 -44.6242801410244 -0.0149708979833203 0.0738894043688453 0.997154064393056 0.0306580208920085
0.800531936217342 0.598343599957089 -0.0336683157658296 156.712291478922 -0.599067517504438 0.797439731882777 -0.0721663597931683 -44.8794117248684 -0.0163318268171953 0.0779410700793732 0.996824187621717 0.0274078090669598
0.799987101100773 0.599164302178892 -0.0319808859612233 157.609880706933 -0.599716948626427 0.796764253617922 -0.0742044856251011 -45.153278760408 -0.0189794521151736 0.078542110686933 0.996730112541128 0.0269587284322074
0.794806500898488 0.605834675976445 -0.0353124838268181 158.432815063153 -0.606610317058279 0.791450698371366 -0.075031428654493 -45.4048680213921 -0.017508551280982 0.0810563842765934 0.996555725085179 0.0141731469801446
0.793723232091571 0.6072432247351 -0.0354837547538332 159.30195381957 -0.608008920649235 0.790281287756622 -0.0760305111957651 -45.6711785398673 -0.0181268653954752 0.0819216225123371 0.996473915622421 0.00483010692860353
0.795948690370657 0.604176755284236 -0.0378963147476203 160.095844696985 -0.605161912922758 0.792504470726565 -0.0756024009280014 -45.916299455131 -0.0156442144228279 0.0831090383329127 0.996417656558971 -0.00866273770772047
0.800092760763834 0.598593390673026 -0.0392113097955036 160.866606658483 -0.599726508952414 0.796721650906851 -0.0745836807620453 -46.1553036394233 -0.0134047988817338 0.083189924983942 0.996443549704702 -0.0197384449082414
0.798634254740161 0.600642518062892 -0.0375751600222637 161.685418318124 -0.60161012594467 0.795166783184044 -0.0759937055392124 -46.4094048509167 -0.0157665315294736 0.0832967731416372 0.996400052221858 -0.0231467427658932
0.798280188983939 0.600995362599433 -0.0394121048631674 162.432106793667 -0.602082342007051 0.794596837317607 -0.0781838830460913 -46.6446306427938 -0.0156714172644148 0.086141977332975 0.99615960890918 -0.0297280346534697
0.79468753767072 0.605529470969559 -0.0424944379675454 163.154361408288 -0.606817825293436 0.790674647466976 -0.0812756344738174 -46.8739761847877 -0.0156155171863498 0.090375116267156 0.995785365419025 -0.0353176147175319
0.792873593377521 0.607943547676675 -0.041905939470658 163.91785955649 -0.609141253373253 0.788729426196388 -0.0827817956484573 -47.1158477349539 -0.0172742109366562 0.0911621362749759 0.995686228962869 -0.036978261544101
0.792018356075345 0.608836666781901 -0.0449981868703085 164.61271579058 -0.610313720130701 0.787819185995267 -0.0828136051502615 -47.3352185473095 -0.0149695243724485 0.0930529062397371 0.995548627632222 -0.0457384213518739
0.79233434489566 0.608128842683824 -0.0488425694942405 165.279963405091 -0.609974393560014 0.788106287547546 -0.0825815883179817 -47.5484038810254 -0.0117271096124175 0.0952249453875331 0.995386701074552 -0.0540168935368597
0.794951818688587 0.604660287400053 -0.049371477646478 165.983342340181 -0.606549197111031 0.79051276709361 -0.084779930089444 -47.774433314817 -0.0122342734838222 0.0973421897395509 0.995175773745037 -0.0560113153809641
0.796882128997421 0.602032325122333 -0.0503582365888423 166.61909032265 -0.604023752033043 0.792364609660378 -0.085519777465128 -47.9786778873228 -0.0115835859933727 0.0985667533479569 0.995063020953938 -0.0614084329322981
0.795435894837176 0.603836951033855 -0.0516011024176998 167.23071079045 -0.605925625357252 0.79076303703221 -0.0868789721337784 -48.1741281660022 -0.0116564891801858 0.100373083193334 0.994881586134881 -0.064944454093107
0.793383476571516 0.606629730311867 -0.0504284582854537 167.873148968187 -0.608551167357402 0.78847080055734 -0.089326778607615 -48.3814735791951 -0.0144269127411615 0.10155868732029 0.994724935456299 -0.0621094108725486
0.783352056598617 0.61916537148837 -0.0547156117793536 168.453869566356 -0.621398547405988 0.77796881950639 -0.0928889722064259 -48.5714004209498 -0.0149465950788111 0.106764969093356 0.994171937176887 -0.0660854823893118
0.775968573417462 0.628046068077129 -0.0585739655591851 169.013679651282 -0.630621966109831 0.770410093035171 -0.0937241932977494 -48.7538155528365 -0.0137371368284619 0.10966505789174 0.993873667097261 -0.0708357298630647
0.770558421042971 0.634479122738795 -0.0606297168752628 169.602355827348 -0.637220765885559 0.764831305647757 -0.0947774731957561 -48.9465043819087 -0.0137628225298821 0.111666094718844 0.993650475774179 -0.0724312510118603
0.768826730894282 0.636179632623417 -0.0646601337575765 170.133629847317 -0.639353221226339 0.762938730360283 -0.0956658362412928 -49.1196401985125 -0.0115289362006664 0.114891116938493 0.993311187331899 -0.0775741269150809
0.770312420462918 0.634412033614831 -0.0643439700768971 170.69050505196 -0.637538516701025 0.764203895207328 -0.0976578019034158 -49.306357789536 -0.0127833721380321 0.116248777002788 0.993137859132425 -0.0776722073579607
0.771023271218855 0.633484138042677 -0.0649689317082017 171.198118632717 -0.636677367057217 0.764785786949152 -0.0987148943050555 -49.482078066872 -0.0128470041671096 0.117475729105605 0.992992652316741 -0.0794791991493273
0.77009514872072 0.634591152141209 -0.0651730890851907 171.692386277444 -0.637796060917004 0.763820111490783 -0.0989698032783938 -49.6574827931176 -0.013024845318376 0.117783304870863 0.992953899482816 -0.0718524269448435
0.766777544546922 0.638671267523634 -0.0644298783046388 172.198841649728 -0.641731149484256 0.760300826852599 -0.100617018783463 -49.8300847230891 -0.0152751091718544 0.118497530467981 0.992836847781536 -0.0652089964174337
0.75978451010499 0.646711195319601 -0.0670233396125232 172.64463015841 -0.649972526442846 0.752929185952737 -0.10311816430705 -49.994345653541 -0.0162238427638847 0.121910913329546 0.9924084421936 -0.0665685627696309
0.751158463340733 0.65629814731231 -0.0709486066531283 173.067064469108 -0.659917920605328 0.743904682501561 -0.105423723213494 -50.1617951549549 -0.0164103935215583 0.126010178901084 0.991893206851314 -0.0683983441670624
0.744638826531289 0.663446339441669 -0.0731571780726766 173.509393946411 -0.667207381818518 0.736803730460482 -0.109336967336759 -50.3534862066133 -0.0186367290313165 0.130227560297236 0.991308960349922 -0.0632037046356218
0.742203516284482 0.666040351782831 -0.0743248963131245 173.923165655272 -0.669880138683444 0.734013886060157 -0.11173278331949 -50.521149764849 -0.0198630363339736 0.132717236513846 0.990954890456535 -0.0534367603402318
0.741868079775143 0.666378184610253 -0.0746449414648321 174.320753386785 -0.67027634633799 0.733804901759629 -0.11072481968077 -50.6786046147615 -0.019009780391715 0.132175947997682 0.991043968257903 -0.0411125546316911
0.738047277553579 0.67062201287283 -0.0745139714828432 174.73562361941 -0.674466858751582 0.730033189871873 -0.110208884085059 -50.8431380060459 -0.0195108313899491 0.131596571140334 0.991111330740689 -0.0246758513976947
0.740630249442798 0.667561200451023 -0.0763470841793542 175.075667435181 -0.671710967156594 0.732827570674884 -0.108481004144984 -50.9791095273748 -0.0164684611258913 0.131627486913405 0.99116244605867 -0.0155964857003382
0.741004979046993 0.667075853143279 -0.076950810136956 175.419900994239 -0.671325812371579 0.73332649053006 -0.107489124708079 -51.1133825163355 -0.0152733320270873 0.131309041729932 0.991223819774705 -0.00701438067473863
