0.504611821392802 -0.859810801864711 0.078053153090704 0.383126547077579 0.861168260318457 0.507695386055475 0.0251917128846801 0.732470329955155 -0.0612873325469544 0.0545048619367488 0.996630865915026 0.0027358020643878
0.499290783519701 -0.860076171703209 0.104774483347016 0.767276295833304 0.861535658042219 0.505665451826106 0.0453735688618515 1.46917406865855 -0.0920055618647291 0.0676123487082864 0.993460390195857 0.00838454297957082
0.491967011660727 -0.86146523896245 0.125881299234566 1.15138539191214 0.863113068815164 0.501542154109759 0.0590872075107093 2.20474675859875 -0.114036353318077 0.0795808375823654 0.990284100857731 0.0138922485592101
0.481070355368338 -0.864866378250889 0.143448460978048 1.5348770738784 0.8669370136567 0.493640477315077 0.0688425268866968 2.94006470524241 -0.130351553645454 0.0912426815001211 0.987260475019072 0.0218299198739372
0.473023510974876 -0.866709923765453 0.158311926624256 1.91911603036678 0.86932341903143 0.488350009143438 0.0760990255726656 3.67629947058062 -0.143267411467181 0.101627637068302 0.984452270145896 0.0315671145639294
0.471324380571542 -0.865280208785928 0.170714640737791 2.30474787870599 0.868454792354236 0.489073641603018 0.0811988098812068 4.41337775414279 -0.153751754187762 0.10998696910336 0.981969075231824 0.0426770210010383
0.473358004497027 -0.862081003146359 0.180965586763782 2.69171183686327 0.865785212748003 0.493184929808372 0.0847619631486169 5.15137384743644 -0.162321178425641 0.116554575303069 0.979830018937179 0.0549514085298175
0.476071625534165 -0.858796467659757 0.189273438433344 3.07956195029291 0.86300498748189 0.497617324631196 0.0871744791110002 5.89024151341607 -0.169050876787554 0.121842625390355 0.978047123453336 0.0682938204406077
0.475826931610558 -0.857423350553894 0.195994716967105 3.46809198720814 0.862222772624896 0.49873024867793 0.0885439406209539 6.62969869628018 -0.173668136171028 0.126859516704833 0.976599222557697 0.0825476386865188
0.467673386390463 -0.860570911401968 0.201740700184328 3.85758570800296 0.866298530824547 0.491584610347099 0.0887210592876518 7.36910578682375 -0.175523386342987 0.133275193935994 0.97541235563633 0.0974441574584297
0.449013955006865 -0.869252324858559 0.206849858441052 4.24826117098251 0.876415538223127 0.473537858583373 0.0875082901749358 8.10785144876201 -0.17401802369341 0.141993986549656 0.97445135087062 0.112622815859542
0.424113809011716 -0.880744547133816 0.210752270924001 4.63970876580306 0.889619917748048 0.448724278203962 0.0849877879244411 8.84640667608619 -0.169422191437635 0.15144492346851 0.973838054403342 0.127528648266897
0.399642781172063 -0.891703537316364 0.212486350136998 5.03121556436301 0.902143700568765 0.423701289181598 0.0813262631008341 9.58561606864393 -0.162549656970274 0.159191768264993 0.973773890559565 0.141506807519115
0.378990457533462 -0.900913166269916 0.211475057489274 5.42232715676648 0.912515226752878 0.401826738701262 0.0764933527102335 10.3253986590681 -0.153890201256355 0.163983959295483 0.974385481753016 0.153955191580759
0.362152014389336 -0.908388795421222 0.208987355662794 5.80916961264121 0.92091059829297 0.383353302573709 0.0704550591335757 11.0625940456232 -0.144116579287158 0.166943229149945 0.975377039823861 0.163544309672499
0.351005168784699 -0.914331019794451 0.201975636471491 6.20012028819874 0.92695370237246 0.369813192461122 0.0632062998418873 11.8042688394264 -0.132484735514756 0.165036326072025 0.977348866031078 0.16923561623371
0.347130609414708 -0.917543544567174 0.193943764608402 6.5891651908672 0.929991050023357 0.363452981364641 0.0549415800064686 12.5525911997947 -0.120900731527262 0.161294061143798 0.97947293936888 0.172701598703576
0.352453465064517 -0.917632875064426 0.183647656029178 7.01208772189672 0.928801733591648 0.367009478736136 0.0512969998633327 13.371542640613 -0.114472243977151 0.152492455940698 0.9816527676526 0.168110948116861
0.350866645888194 -0.919863188074424 0.175340560135769 7.41111662649468 0.930539755249845 0.36345523688829 0.0446772277344575 14.1402450351084 -0.104825381958416 0.147485612871337 0.98349358579161 0.173150227176657
0.357137529875485 -0.918734346058984 0.168463604751914 7.80543231897487 0.929045506006867 0.368046422186902 0.0376334808895762 14.9085294292492 -0.0965775984526584 0.143070026514963 0.984989205519596 0.176558930232564
0.361068318522132 -0.918116315727078 0.163377171463266 8.23951141324249 0.928027236103718 0.370977408699094 0.0337818188468346 15.7450384362306 -0.0916248787682455 0.139420920347852 0.985985136074608 0.170741104764184
0.358274279660235 -0.920318908115239 0.157011617084579 8.64465778314147 0.930073232356011 0.366468888682499 0.025774717896743 16.5348407810583 -0.0812608330549365 0.136797883731397 0.987260358779704 0.168590179367277
0.360043145866625 -0.920514047079374 0.151732732935306 9.08314163756698 0.930027291451761 0.366974105709407 0.0194741596399787 17.3863305789001 -0.0736082214794447 0.134104044936509 0.988229697419735 0.158960409092086
0.367222449936176 -0.918868684726216 0.144319134186661 9.49211105541313 0.928060093856847 0.372320059278451 0.00906838736002305 18.1849124051218 -0.0620655657614846 0.130606713795294 0.989489642117744 0.155898336530956
0.369252590459853 -0.91929607592205 0.136188285961053 9.89983331564355 0.927916940378578 0.37278669457951 0.000481770631454617 18.9750302567196 -0.0512120708148609 0.126193522570711 0.990682854734072 0.154568093396188
0.36783870219267 -0.92085019575433 0.129342978736477 10.3427670093834 0.92869939551704 0.370832050790968 -0.00101137156836564 19.8374454094141 -0.0470332003535508 0.120492767772082 0.991599400453191 0.151566152971078
0.358719625206222 -0.925503815293134 0.121502750461712 10.7603924520605 0.932614671631539 0.360841416564094 -0.00483180604068774 20.6465338822003 -0.039371369667625 0.115048511376163 0.992579334502097 0.152809624258185
0.344107084243589 -0.931860607478698 0.115004881647726 11.1764604975536 0.938437727556578 0.345304296419003 -0.00997869595807329 21.4536201238612 -0.0304129260647834 0.111358659762091 0.993314805499329 0.151475708807462
0.320655318176028 -0.940764372542238 0.110193295080234 11.629551125739 0.946903721966337 0.321269371539687 -0.0126226873839719 22.3338707888928 -0.0235267560817352 0.108389973086553 0.993830018404842 0.143421354908615
0.30245358095278 -0.947574807570428 0.103071894455795 12.0580208298242 0.953097037686779 0.30194172778613 -0.0209100400337674 23.1584010058786 -0.0113078787368855 0.104561833760662 0.994454098889979 0.13602615216588
0.329930683860582 -0.939711857735538 0.0899297963887006 12.5181279987219 0.943993715733755 0.328895290399793 -0.026528335945058 24.0548171213162 -0.00464849464529318 0.0936456746681858 0.995594736382969 0.121035971590834
0.363225047838268 -0.92864894954799 0.075357104020148 12.9469319106206 0.931687590168191 0.361588720235814 -0.0348113734979696 24.8910731437031 0.00507926662788964 0.0828536414507013 0.996548782122021 0.116280964964209
0.388273837931307 -0.919151136669312 0.0663672715847703 13.3774944758742 0.921459879133395 0.386256951692672 -0.0414398168016456 25.7164721926381 0.0124546347021074 0.077244774765661 0.996934364361988 0.115093391318361
0.401297211855544 -0.913773605709936 0.0630741251610355 13.8521007217807 0.915861431853002 0.399360649164097 -0.0413389591475202 26.6136932762949 0.0125851261867565 0.0743563676297716 0.997152317949355 0.111265499236194
0.41156672569718 -0.909402634553132 0.0599973213296004 14.2944414857749 0.911219941072485 0.409369684036843 -0.0457676827404668 27.4553371469024 0.0170601667858167 0.0735072109347068 0.9971487555274 0.108526321989243
0.416780618233807 -0.90715202253279 0.0580441580119474 14.7360158184105 0.90865252594081 0.413984468577248 -0.054474277215938 28.2910140304387 0.02538707084386 0.0754457937295621 0.996826679439553 0.100029318385341
0.409812938389122 -0.910615180525788 0.0532292074416128 15.2136248117076 0.911592867280068 0.406781174854596 -0.0593929297813998 29.2022424812632 0.0324314639351664 0.0728633569079998 0.996814491952801 0.0840916753406295
0.406481830026509 -0.912639901952525 0.0431385120557944 15.6587392689763 0.912588919327397 0.40326869241172 -0.0674968594928241 30.0580332828208 0.0442039158803067 0.0668039750660747 0.99678645794183 0.0741162579423352
0.412542141306605 -0.910355513005058 0.0325856039910201 16.1050824703244 0.90938166709539 0.409483029619946 -0.0731343421661792 30.9227247388023 0.0532349997367406 0.0598037490009496 0.996789619934147 0.0729257519759311
0.433202868562888 -0.900896290038081 0.0268542224707455 16.6061083299692 0.899845263457308 0.430623251475599 -0.0695853226049172 31.9018373128026 0.0511251063796712 0.0543092062564534 0.997214487266136 0.0857153509847863
0.432875192758004 -0.901227350755701 0.0202071706228959 17.0695387158779 0.899910832263866 0.43071463807443 -0.0681571311204356 32.8061425814853 0.05272154653343 0.0476881830045394 0.997469937257685 0.104469644452117
0.441865577919404 -0.896917038157193 0.0171650142231617 17.5672144775669 0.895594536551151 0.439951355466633 -0.0659790188075033 33.7809000733837 0.0516259348552593 0.0445267502340192 0.997673359052911 0.123834063270759
0.439654427296157 -0.898080170231303 0.0124896915975704 18.0258704199043 0.896528617888393 0.437970455145066 -0.0664704274632749 34.6786371554703 0.0542256568979558 0.0404213836643191 0.997710223399885 0.13848564275861
0.436426743368175 -0.899694617689881 0.00901623939950858 18.4784061671712 0.898095629050793 0.435001818025702 -0.0647893463016455 35.5699946216549 0.0543685456206948 0.0363732486065544 0.997858230427999 0.151206229854177
0.43762115651147 -0.899154486137374 0.00298888484205408 18.9599567452852 0.897586627487045 0.436656722202336 -0.0605735347486318 36.528426472844 0.0531598488522587 0.0291910433960106 0.998159262570587 0.158130702304396
0.434839043533962 -0.900506434484983 -0.00177979482352187 19.4079856894915 0.898739813046231 0.434108079282314 -0.0617812588690635 37.4222113065844 0.0564070444545296 0.0252653310479952 0.998088126561448 0.16002838460011
0.435423370340356 -0.900196455497092 -0.00726842981106209 19.8494791988459 0.898058236225225 0.434920754334803 -0.0658433124689524 38.2967554041082 0.062433107478995 0.0221422437733553 0.997803501763348 0.156001743949809
0.44055575571513 -0.89763924503978 -0.012426257308103 20.3230713008501 0.89542040558169 0.440373809187206 -0.0655225568020054 39.2429733202152 0.0642878166855377 0.0177396151696111 0.997773713163181 0.152539513086592
0.440110012887148 -0.897792112725348 -0.0165075402356646 20.7657437061474 0.89532699116105 0.440155729061963 -0.068209332737047 40.115953943401 0.0685036893530282 0.0152399639792581 0.99753445456432 0.154713622113891
0.438654329560358 -0.898465733340797 -0.018485269009106 21.2041388001113 0.895817873682106 0.438809998195687 -0.0703997349083928 40.9762362404092 0.0713632703119992 0.014321714139289 0.997347568380497 0.158403003131393
0.444149428815956 -0.895720203204991 -0.0204108415522768 21.6738841513765 0.893210554052138 0.444456137531935 -0.0680709037700018 41.908024578186 0.0700442075573145 0.0120024739368527 0.997471678598979 0.164690721056232
0.443189382344933 -0.895996653482049 -0.0278059045112275 22.1050899359188 0.893276995926084 0.444017524500474 -0.070033181319586 42.7722731968036 0.0750958049826222 0.00619958752188129 0.99715705141596 0.164424796902365
0.452177043995253 -0.891362106326084 -0.0317728860767232 22.5658664646813 0.888479750410819 0.453272369530252 -0.0717488127452886 43.6973256627596 0.0783559442138472 0.00421360016605519 0.996916541933174 0.161452107445968
0.450376796871482 -0.892149976614489 -0.0350593791523936 22.9961016533462 0.889140665651634 0.451735693397802 -0.0732375586361005 44.5538869540368 0.0811764591760022 0.00181177735232224 0.996698098693117 0.161789641110849
0.449513546992701 -0.892561266230517 -0.0356645074972061 23.4228740661817 0.889649310303374 0.45092566644989 -0.0720426818868675 45.3998893588289 0.0803845491793694 0.000655256972633858 0.996763710661424 0.169619041148565
0.447143614546572 -0.893836893218616 -0.0334394421532472 23.8823252552529 0.891226972647572 0.448391670576557 -0.0682597464323397 46.3127608605548 0.0760070470132155 0.000719776950526835 0.997107020698116 0.180024356246207
0.449255720502102 -0.89278501661731 -0.0332296810061145 24.3089300826309 0.890067521058678 0.450479758682624 -0.0696261084199288 47.1597557862853 0.0771304450434197 0.00170326770526978 0.997019555137475 0.18221456493446
0.449669351973958 -0.892580917372203 -0.033117666559072 24.7293276241108 0.889627552278299 0.450875939069475 -0.0726202850141744 47.9936696080734 0.0797514396273939 0.00319272786437196 0.996809668074173 0.180616601812418
0.428561158609251 -0.902990873454162 -0.0307053055673821 25.1866647554808 0.900214559450897 0.429651222553466 -0.0708065951090608 48.8959757363791 0.0771302812397495 0.00270359331296927 0.997017357070115 0.179265779751207
0.420968851591403 -0.906591870623497 -0.0296041569581973 25.6115196745271 0.90374037899029 0.421993761746419 -0.071934639983751 49.7317461197568 0.0777081293836176 0.00352777075451142 0.996969910007922 0.177241475153039
0.393678648632126 -0.918912362163311 -0.0248433547377989 26.0661605321905 0.916595910356363 0.394450904415488 -0.0652719014874966 50.6315947842299 0.069778640923806 0.00292483661904819 0.997558212136805 0.18033350177032
0.391520400215783 -0.919878998320011 -0.0231171941344332 26.4833135321493 0.917798588036414 0.392190651198095 -0.0619051283108193 51.4667482144595 0.0660115748428842 0.00302019247571499 0.997814286540423 0.175322037106402
0.403800336280572 -0.914562506215792 -0.0228190850822103 26.8913236916264 0.912485899203414 0.404423746317321 -0.0617326264595871 52.2927438524216 0.0656869254466444 0.00410556195362444 0.997831835624828 0.165340935424048
0.440479856299554 -0.897502414809942 -0.0216081374636931 27.3348274439972 0.89533067890048 0.44092980384764 -0.0629593797498524 53.1781587653654 0.0660338671738076 0.00838591015978086 0.997782143003604 0.155050520268196
0.435966987201209 -0.899625362296012 -0.0246372397900457 27.7414149768913 0.897019691471289 0.436590585687112 -0.0688791231225988 53.9883985184351 0.0727217930434493 0.00792893455364964 0.997320747208936 0.136775208524875
0.42215439628675 -0.906138249399958 -0.0264412304961639 28.1441542378684 0.903211141578774 0.422924030946118 -0.0731088077884863 54.7819670606306 0.07742931888979 0.00698119063400485 0.996973401627945 0.125453903930535
0.416716802760713 -0.908645634882228 -0.026649887548796 28.5684480154217 0.906145567983201 0.41754922522107 -0.0674748408051846 55.6413231908904 0.0724383594602326 0.00396922243753249 0.99736499304515 0.12723148869554
0.409114186473299 -0.912076561191147 -0.0272383727859149 28.9593548520943 0.909920473978987 0.410019033155226 -0.0626827207794068 56.4289816700547 0.0683396916889886 0.000859637241824071 0.997661740052042 0.133658811933979
0.407368000369063 -0.912835813050479 -0.027965884355463 29.3376945181275 0.91092227566122 0.408324393827552 -0.0590914300854625 57.1965203589694 0.0653599264036745 -0.00140278930509363 0.997860767944443 0.139941376432617
0.419468756840799 -0.907471196323848 -0.0232806760426008 29.7436746079642 0.905645138512867 0.420102962078973 -0.0576227762302565 58.0121129671411 0.0620712906458698 0.00308692323174696 0.998066944539553 0.147576667351604
0.427692778192004 -0.903677560287548 -0.0211128992597252 30.113988844238 0.901892989481074 0.428180237150361 -0.0570150860628261 58.7635160717983 0.0605633800848 0.00534336472710014 0.998150051568449 0.148607789304284
0.431620946630698 -0.90186154488949 -0.0186845465335557 30.5033714449218 0.900317952721884 0.431982188925921 -0.0530939964350484 59.558796673443 0.0559548249599234 0.00609444831907494 0.998414701045308 0.155509642066272
0.432032806319684 -0.90170099390322 -0.0168217673710331 30.8606270444933 0.900262152141334 0.432302437332486 -0.0514068098430955 60.2884308337728 0.0536256625636507 0.00706542782418788 0.998536112538887 0.155425055210472
0.430669089615069 -0.9023922759849 -0.0145710498222417 31.2090257690292 0.901046887863821 0.430833826506732 -0.0499671873181672 60.9992261471846 0.0513677050397412 0.00839012397770122 0.998644563745575 0.154135788255657
0.428344311860843 -0.903530281189716 -0.0124169831157004 31.5778192611934 0.902520193707609 0.42846107029835 -0.0433406413054904 61.7582605556676 0.0444797757013218 0.00735813916876204 0.99898318671614 0.159025768709475
0.424618756603722 -0.905311399237713 -0.0104967590505256 31.9151001344485 0.90455688463029 0.42469977264873 -0.0375092732542243 62.4571878200578 0.0384155438364782 0.00643222530485993 0.999241148306742 0.158177135173366
0.42011206858159 -0.907405910997155 -0.0109709853487324 32.2456025338618 0.906808804589413 0.420236454273937 -0.0331528945702829 63.1330887057958 0.0346935404825827 0.00397934500813703 0.999390075527114 0.156898854771372
0.422833189083707 -0.906136008457171 -0.0113854462630496 32.5885735961371 0.905607426329242 0.422976987577421 -0.0310750278721701 63.8475064316038 0.0329739834813527 0.00282880844816468 0.999452207089531 0.158385248901825
0.414979294253354 -0.909724127941314 -0.0139354362114811 32.9006382608022 0.909057342717082 0.415209298510988 -0.0348709919871969 64.4962441583913 0.0375091054698148 0.0018026290327491 0.999294660015466 0.151877757138814
0.4076366627046 -0.913041567976856 -0.0136911053396689 33.2259882805824 0.912387479310651 0.407863341725041 -0.0345916474605931 65.1762543305521 0.0371677120120693 0.00160923063845326 0.99930774617259 0.149642924617004
0.396906102254352 -0.917747472912958 -0.0143220792882614 33.5200340035716 0.917156995788455 0.397164412964653 -0.0329161685306441 65.7947202645797 0.0358969506999311 -7.09670608203862e-05 0.999355494253233 0.149862921713774
0.386995159953364 -0.921952594775401 -0.0154324061499121 33.79966228025 0.921576759806648 0.387282871785019 -0.0266130232447919 66.3912554675844 0.0305126524076446 -0.00392303566819526 0.999526681902087 0.16112212980269
0.373201763416284 -0.927614460255903 -0.0158700002245378 34.0933013651495 0.927460279064169 0.373458164863231 -0.0186126262306227 67.0144885001717 0.0231921223950988 -0.00777252990592159 0.999700811862065 0.183808066488465
0.37275187465391 -0.927846818102928 -0.0125028827983572 34.3618359955456 0.927626575840121 0.372940877629058 -0.0205921729887743 67.5718718931574 0.0237692182691718 -0.00392223527360708 0.999709778052276 0.191188378327663
0.374541326931369 -0.927190199254089 -0.00609334289634982 34.6234670607081 0.926834275285032 0.374568501948815 -0.0260127565761559 68.106898741917 0.0264011472735403 0.00409533331777469 0.999643040123652 0.196143116050664
0.365837435053254 -0.930673828061246 -0.00303263507277238 34.8950654706319 0.93029636668492 0.365778577262349 -0.0274718501154915 68.6745173925611 0.0266766048531837 0.00722898179273754 0.999617977317209 0.205277530995431
0.365937762113688 -0.930631390662922 -0.00384304202706038 35.1381358655079 0.930270871108124 0.365905952382418 -0.0266259343281761 69.1920395462489 0.0261851222444873 0.00616836476802031 0.999638079831461 0.212864680551593
0.369184742038378 -0.929337222808879 -0.00591206799154615 35.3703432947976 0.929071211880083 0.369221613298767 -0.022407220459685 69.6934133729014 0.0230067273146406 0.00277967173158278 0.999731445901016 0.224305936358889
0.372393137182716 -0.928072249761588 -0.00229141914100708 35.62235263194 0.927923799366299 0.372375878667646 -0.0171355640733003 70.2195343894671 0.01675631071647 0.00425490410738791 0.999850549753417 0.242009593525769
0.384189934581849 -0.923240873015447 0.00493807246515832 35.8625817505547 0.923171641739349 0.384078662483771 -0.0154175521063703 70.6924420220277 0.0123375059987805 0.0104819567998469 0.999868948676464 0.257751066683691
0.408077267355154 -0.912830077996209 0.014635319381107 36.1170209991465 0.912927232400709 0.40790927921661 -0.0131866701698383 71.1879067594443 0.00606730657979151 0.0187421619463159 0.999805940748726 0.279055913770744
0.423259065176182 -0.905905101979928 0.013700728189523 36.3414145210514 0.905985498604477 0.423091609285738 -0.0135560492180029 71.6381632930644 0.00648383101118794 0.0181503817795238 0.999814244535792 0.285320827520467
0.436234785845699 -0.899790369395092 0.00874658573402442 36.5531666072044 0.899804396044089 0.436123028477493 -0.0121964294509849 72.0759991811735 0.00715964230184193 0.0131907230834844 0.999887365830095 0.287698635063932
0.45008196615577 -0.892971979586789 0.00522182096689836 36.7856673893194 0.892972848248625 0.450033806451118 -0.00831055604972309 72.5361867940845 0.00507109772084849 0.00840337574856283 0.999951832461912 0.292700873797697
0.463266371513539 -0.886207992750807 0.00443425408245293 37.0114668913382 0.886202647230795 0.463221502796268 -0.0084087685364287 72.9457516591837 0.00539787604632011 0.0078251473951324 0.999954813980329 0.295840082676655
0.476925703924619 -0.87891919895649 0.00655092678098764 37.2616931501314 0.878936232631573 0.476877912213017 -0.00765217686493891 73.3676539311093 0.0036016528740276 0.00940736674299334 0.999949263486673 0.30428887799894
0.498599336095126 -0.866803574622277 0.00708978614230546 37.5001469391446 0.86682917069145 0.498557803491072 -0.00687789332067127 73.7476592797792 0.00242711430989911 0.00957494648553429 0.999951213567905 0.311600975485959
0.525545376389055 -0.850737725680236 0.00688327396724477 37.7422143634183 0.850764700784826 0.525516063312171 -0.00568252579266118 74.1141892158215 0.00121706803100206 0.00884247167370773 0.999960163926598 0.317355620340191
0.555258162642954 -0.831644904950878 0.00742461363425927 38.0143094461868 0.831677320931533 0.55524734310005 -0.0036361832304208 74.4985185112201 -0.00109848373691976 0.00819390319584916 0.99996582605802 0.320210224315507
0.58578710321803 -0.810443081087242 0.00595667870951625 38.2770361357692 0.810464439360923 0.585779317672591 -0.00315967061869257 74.8451423888263 -0.000928565998621421 0.00667857056960838 0.999977266971772 0.319525483683671
0.616618728434872 -0.787248554011839 0.00458889416216716 38.5483385588758 0.787261820490142 0.616611219113019 -0.00307090581188461 75.1721021452923 -0.000411997463801982 0.00550623920901195 0.999984755677737 0.319179355370466
0.641164664318747 -0.767402241280888 0.00129356333423875 38.8550809180019 0.767400951818437 0.641157567326816 -0.00357113535394152 75.5078696612921 0.00191111935396827 0.00328236753437907 0.999992786817077 0.317935149547051
0.678410329239384 -0.734680339945725 -0.00205506168913708 39.1489000630108 0.734670392667298 0.678412361371365 -0.00401024645206822 75.7984907983386 0.00434042847996274 0.00121079963776489 0.999989847270885 0.317546101295906
0.71153797073174 -0.70263918750774 -0.00344795380219147 39.4800661318695 0.702624303410264 0.71154576433619 -0.00465977601061497 76.0902162394423 0.00572751815364256 0.000892991428201935 0.999983198909916 0.312274889895128
0.750968767446377 -0.660313009177887 -0.0057131629169015 39.7973367378945 0.660302445042327 0.750989972929631 -0.00383948307424597 76.3372909455699 0.00682578868674915 -0.000889083571057429 0.999976308788967 0.307053373489694
0.789756426855036 -0.613375851652664 -0.00740613600593552 40.1222459365677 0.613368815970326 0.789789066313517 -0.00345345143082118 76.5598461121012 0.00796754895363957 -0.00181530741055307 0.999966610853921 0.30038031623331
0.823353663973398 -0.567483646116687 -0.00714530696981533 40.4866570521836 0.56746479369983 0.82338463266261 -0.00463191172930579 76.7741059994233 0.00851187011123987 -0.000241008652022897 0.999963744333783 0.292648293907416
0.857014633006912 -0.515239757645177 -0.00734240790000595 40.8334740252093 0.515223773616896 0.857046034206287 -0.00406919540474146 76.9484530629888 0.00838939282637464 -0.000295623099247641 0.999964764726732 0.291985721990896
0.88613525160588 -0.463400360192111 -0.00494186555936722 41.2156275258213 0.463394774596028 0.886148993240484 -0.00229012138822874 77.1126280467239 0.00544047226635173 -0.000260677384400754 0.999985166544395 0.289020253404737
0.913468698767976 -0.406898128744343 -0.00297475973726902 41.5825286359119 0.406903587436679 0.913469847928771 0.00151903131939355 77.2402678969818 0.00209926232346227 -0.00259802797157119 0.999994421658619 0.285464133100315
0.93704182591254 -0.349214946739168 -0.00123994534376058 41.9507729920845 0.349217141075025 0.937036610041342 0.00312727063368858 77.3429150126091 6.97845337712233e-05 -0.00336339355275158 0.999994341340954 0.27936621056608
0.955115659422707 -0.296233088679109 0.000185194935856458 42.3563757768993 0.296232855114636 0.955115410029629 0.000805651639905118 77.4232678268584 -0.000415543210784645 -0.000714629672711458 0.999999658314077 0.268193375834713
0.97014526597833 -0.242522415533158 0.00102022732706584 42.7367554765989 0.242524499289447 0.970139444886245 -0.0033652221638233 77.4724556737551 -0.000173620964761482 0.00351218447285654 0.999993817188881 0.262486795405826
0.981430523783207 -0.191811537815384 0.00156874074312315 43.1459070760096 0.191814844171279 0.981428357473482 -0.00233338861995158 77.5065492749549 -0.00109203579131145 0.0025909665766561 0.999996047167202 0.254310523881768
0.99046817141825 -0.137732119745158 0.00163235960979007 43.5305207993522 0.137728084956327 0.990467242555492 0.00236981830179748 77.5217443606881 -0.00194319881968536 -0.00212240783695846 0.99999585967309 0.247594597067377
0.996193349689184 -0.0871584286666243 0.00148941176652105 43.9116970256588 0.0871501770607121 0.996183052686063 0.00491652106302126 77.5152331507196 -0.00191224301063896 -0.00476800308742003 0.999986804649555 0.239713172326733
0.9989077265254 -0.0466380860147877 0.00287103130180313 44.3205042018731 0.0466419105141966 0.998910853975706 -0.00127984104921247 77.4789629205292 -0.0028082149925369 0.00141235349784479 0.999995059580873 0.229855921318008
0.99995460282888 -0.00757977638606362 0.00577401690995021 44.7042991371749 0.00765861241509035 0.999876050223498 -0.0137560839388658 77.4179486838665 -0.00566903318164038 0.0137996804091607 0.99988870924888 0.224662868820104
0.999508853716674 0.030264881740027 0.00812946955497107 45.0813048517369 -0.030102694828822 0.999358871038746 -0.0193823280388397 77.3472257966508 -0.00871086138254185 0.0191280895393276 0.999779094142576 0.218935712530358
0.997417543961918 0.0713885792807827 0.00786852878560855 45.4938716467561 -0.071227953038639 0.997277380712098 -0.0190893851640728 77.2674786063999 -0.00920986986357645 0.0184796284672679 0.999786818091141 0.209565845745421
0.994845780838668 0.101296423470222 0.00457241070399108 45.8775470880966 -0.101251829373739 0.994819102369865 -0.00911156454667773 77.1921667315296 -0.00547169041300748 0.00860163659767424 0.999948034875746 0.20576132210395
0.991723609529244 0.128379931771904 0.00169570649922403 46.2568760753986 -0.128375057078087 0.991721946402948 -0.0027250216414157 77.1003235332516 -0.00203150744234067 0.0024847818796444 0.999994849404997 0.206982770021714
0.988286038116914 0.152612320343202 0.000431905823604514 46.6726173071372 -0.152609789128426 0.988279892306237 -0.00362032116669764 76.976793116467 -0.000979349454475815 0.00351199980588267 0.999993353343916 0.203925407855925
0.984566430444876 0.174980206755973 -0.00329716312532827 47.0618079969965 -0.175002303657825 0.984531948149089 -0.00842833246934243 76.8422090303559 0.00177137107705098 0.00887526435641108 0.999959045124905 0.199929609517872
0.980757793190264 0.194811249734566 -0.0127564914229036 47.4531365333761 -0.194996388001675 0.980683559486324 -0.0153676549783664 76.6906519491654 0.00951628934334451 0.0175594171341324 0.999800533660112 0.181818753408516
0.977466604797743 0.210194976227884 -0.0194192809788476 47.886413375951 -0.210543603021277 0.977417212399369 -0.0180827025708294 76.5225429736148 0.0151798462441337 0.021763843272845 0.999647891706875 0.157269810697909
0.973910226092004 0.225994219828319 -0.020627266363115 48.3026785559873 -0.226332562139426 0.973921014005568 -0.0158565378872136 76.3595993401164 0.0165058422635287 0.0201114664446686 0.999661485748359 0.151555261329426
0.970647267972544 0.239947508332213 -0.0164034881230787 48.7240461620303 -0.240177846375069 0.970629532995617 -0.0138892687836532 76.1868459309612 0.0125890145792088 0.0174213352494293 0.999768980209954 0.159089810194994
0.967083484866886 0.254186549908505 -0.0117784185413384 49.1843418857633 -0.254349586097718 0.966989488865377 -0.0154148135180562 75.9830777564572 0.00747136865929338 0.01790324745649 0.999811808482411 0.166080899776656
0.963909736631593 0.266001981022676 -0.010998441654618 49.6182055057201 -0.266164778413673 0.963762775998718 -0.017821962048126 75.7791780657126 0.00585921145020189 0.0201061605299643 0.999780681924754 0.171023865966712
0.959835798512299 0.280366781374031 -0.0104741489500665 50.0906294279659 -0.280535719386858 0.959590094759366 -0.0220581093434921 75.5445829966296 0.00386652846368655 0.0241105359060542 0.999701821552788 0.169918201767548
0.957246978556595 0.28897393552531 -0.0131258002151408 50.5416213408162 -0.289222180953281 0.956937823689388 -0.0249104724412377 75.3155393891484 0.00536209743491908 0.027641747043772 0.999603512264471 0.169923652241056
0.954971686174168 0.296281071485525 -0.0157036710695313 50.9993882830798 -0.296611385228405 0.954629135938999 -0.0265499335073811 75.0786194224865 0.00712493919674039 0.0300123223984605 0.999524134648931 0.169695184082289
0.953754364726984 0.300161554562442 -0.0159891502866445 51.5086024639433 -0.300519193505052 0.953319602359849 -0.0294949163676279 74.8102330930563 0.00638953044473914 0.0329359517718558 0.999437040028824 0.165003822757793
0.952240510804222 0.304793683036185 -0.0184070737640756 51.9985320664569 -0.305237619246839 0.951790080899816 -0.0304242945233363 74.5505822246962 0.00824653744549283 0.0345897771308071 0.999367570985872 0.162126722933533
0.950706138985972 0.309411904063382 -0.0205453381150509 52.4979414037217 -0.309929996783987 0.950267445111489 -0.030580710501249 74.2844128514879 0.0100615300957384 0.0354408857840136 0.999321124177297 0.157616576932848
0.950469196364789 0.310150690149438 -0.0203680181044868 53.0561351983409 -0.310697441258806 0.949886823287642 -0.0343820147714303 73.9823661221871 0.00868370640384866 0.0390073370577805 0.999201191401788 0.149753028366555
0.949751231580641 0.312265364832877 -0.021516041384277 53.5862574644066 -0.312872737112351 0.949105815144894 -0.0361773690305391 73.6859351052194 0.00912406065770042 0.041091283551823 0.999113736234858 0.146903517506318
0.949977426881709 0.31151517113497 -0.0223871965185897 54.1264239933392 -0.312174946048972 0.94927160489427 -0.037818291880767 73.3844092889012 0.0094705583010155 0.0429152454753307 0.999033828371822 0.143859831327423
0.948281060749897 0.316747268261017 -0.020837415200508 54.7247676117106 -0.317359877828069 0.947419514026466 -0.04097526554897 73.0434140418188 0.0067629703539268 0.0454690278215718 0.998942856093857 0.136107959670732
0.947293553640233 0.319597943062624 -0.0221828316903506 55.2951937025353 -0.320297215326768 0.946258204096475 -0.0447783991901391 72.7163091886227 0.00667960220227983 0.0495233881136293 0.998750628006894 0.132959284720399
0.947149812130717 0.32005860590401 -0.0216730747134048 55.919687747892 -0.320762134212534 0.945814252223794 -0.0504683420152294 72.3523731231587 0.0043458757657681 0.0547529823582925 0.998490472807177 0.124916493879929
0.947667380958512 0.318444110766501 -0.0228009514137128 56.5187471915395 -0.319224312821125 0.946201828328936 -0.0528955401792935 72.0082085724672 0.00473002865938524 0.0574059960728069 0.998339710942007 0.120680157510901
0.949268716532732 0.313477168532942 -0.0249192419803351 57.12609049283 -0.314408672330431 0.947624737479644 -0.0561653245343798 71.6626875234926 0.0060075432350355 0.0611508113209127 0.998110458666311 0.116613797343908
0.95035262173377 0.310298331327665 -0.0233418066786076 57.8006504406215 -0.3111513807997 0.948527774814455 -0.0589904961157239 71.2806335692139 0.00383569944010846 0.0633246080193622 0.997985611834659 0.108079313712472
0.9534446902703 0.300703797486907 -0.0228133463641335 58.4477506185444 -0.301552395621485 0.951431677566276 -0.0619993194992079 70.9239227754789 0.00306190958711208 0.0659923412251386 0.997815431635182 0.107450000421852
0.957437500730618 0.287794980165846 -0.0220789851680909 59.1020096476921 -0.288629841612547 0.955258888491879 -0.0646008551644401 70.5679192709699 0.00249934499995232 0.0682239353057338 0.997666902290524 0.107446204750317
0.954482408449198 0.297797014768181 -0.0167412650711706 59.8304285735772 -0.2982547915661 0.952425727705398 -0.0626842285802811 70.1803276008648 -0.00272236457613544 0.0648241559914413 0.997892989017917 0.101435328388671
0.958078796921514 0.286106746215203 -0.0150979687235833 60.5164100824563 -0.286480466628815 0.955978971925628 -0.0635070663482078 69.8182055805762 -0.0037364594960224 0.0651700468479847 0.997867177466153 0.0986136928456139
0.957350288964898 0.288660792056897 -0.0124648043673215 61.2649523151469 -0.288867521804209 0.955357220251059 -0.0620333503920653 69.4288211994633 -0.00599825520677917 0.0629883230706666 0.997996238515567 0.0920608917732136
0.960132127515361 0.279160819745145 -0.014681090969313 61.9665494649547 -0.279533909005598 0.958263359485203 -0.059934360630467 69.0674564179467 -0.00266297369134072 0.0616487679305218 0.99809435324711 0.0892557420645177
0.962217592756822 0.271643078232849 -0.0186371198808646 62.6682208813243 -0.27226520161253 0.96065551311924 -0.0548875678500925 68.7116840790275 0.00299402407470313 0.057888022610833 0.998318592763877 0.0854245934488232
0.962621537317716 0.270304015038283 -0.0171905598008323 63.4338481996872 -0.270839889015111 0.961195578213599 -0.052429142095872 68.3231906736939 0.00235168245404948 0.055125310673142 0.998476674596269 0.0810767200323128
0.962273073290004 0.271595859255603 -0.0163163003228717 64.1488841702839 -0.272077721013951 0.960967909272462 -0.0501437042545622 67.9595422398237 0.0020606185650548 0.0526912382064084 0.998608725811769 0.0890409354277974
0.961995426541819 0.27273635068133 -0.013404563762333 64.8568005617419 -0.273065558013738 0.960838953525845 -0.0471561916825976 67.5997289048178 1.84193863294292e-05 0.0490243654154802 0.998797582724515 0.101482262010988
0.961764426546863 0.27370641206234 -0.00969473181421058 65.6213753491402 -0.273850501320635 0.960562908608176 -0.0482161957503816 67.2072131165963 -0.00388468215249819 0.0490275290236274 0.99878987311767 0.112820872627772
0.963275268418045 0.268399774342066 -0.00789419959691263 66.3332021906167 -0.268475535590126 0.962204980881548 -0.0456339956209732 66.8412249109251 -0.00465231595477372 0.0460774988456171 0.998927034400606 0.123402325271274
0.964646082793265 0.263447504727156 -0.00730391707574185 67.0353829912881 -0.263512777360891 0.963686231923964 -0.0432419075405132 66.4781821411724 -0.00435328831618396 0.0436378121957067 0.9990379323267 0.134222849895463
0.964792676551594 0.262978167343478 -0.00419222769913626 67.7969956886388 -0.262924507481974 0.963940634406761 -0.0410993516354319 66.0873641403609 -0.00676717354420817 0.0407545928719309 0.999146269833434 0.143165547433023
0.96539386166133 0.260758310235182 -0.00444921452865977 68.5046970566227 -0.260740674552891 0.964695385687575 -0.0371094794736392 65.7250156169289 -0.00538446843552128 0.0369853548907314 0.999301301421785 0.150680643488112
0.964648430480516 0.263538963019319 -0.000787744998961847 69.2663239323535 -0.263408720262039 0.964068694171396 -0.0344586565114694 65.3366518874366 -0.00832175831158248 0.0334479878223252 0.999405813695939 0.159122585936919
0.963373777708875 0.268161267941169 0.000706257120207134 69.972819404443 -0.268011452831993 0.962917182123109 -0.0309897002724399 64.9733762801766 -0.00899030443421864 0.0296653796246663 0.999519454376904 0.168938457228518
0.961599869317741 0.274438694582379 0.0030156664319361 70.671226920167 -0.274254562728748 0.96125880703987 -0.0276756338816229 64.6119988383171 -0.0104941007510056 0.0257858256452275 0.999612407408602 0.180153583376001
0.961167385605049 0.275848022511644 0.00807002636769137 71.4262483099337 -0.275565081846189 0.960936207544108 -0.0257971063852192 64.2144632129681 -0.0148708613154356 0.0225715198239424 0.999634625238929 0.191551243439912
0.960174904486765 0.27928234598424 0.00809469056704254 72.1229570661352 -0.279036468623821 0.960001026431759 -0.0231663209836116 63.8393728051535 -0.0142408557251354 0.0199850061673187 0.999698853433727 0.199292294672458
0.958027686282793 0.286597405958455 0.00669919499110966 72.8064187255787 -0.286413132936919 0.957888792858305 -0.0204102375713162 63.465048301419 -0.0122666049460916 0.0176348352513708 0.999769244870412 0.20424102848644
0.956797072481976 0.290652805923421 0.00776585467087855 73.5416306783356 -0.290459880803909 0.956686091900956 -0.019615789728004 63.0511905299568 -0.0131308694802019 0.0165126609641321 0.999777431378893 0.208256215154459
0.950372188402614 0.311004551392938 0.00829894714470163 74.2199006906502 -0.310812310718955 0.950285804073025 -0.0187775952354836 62.6618851766177 -0.0137262892428122 0.0152662893383056 0.999789242487366 0.215457518753048
0.947814426921616 0.31861841019582 0.0114070506066584 74.9420912594955 -0.318398889782658 0.947792775504073 -0.0176352399319106 62.2378212993903 -0.0164304322653274 0.0130829425808342 0.999779414425503 0.223785389087431
0.942285640048402 0.334618181061722 0.011333378204425 75.6069360206892 -0.334413820160822 0.942277472997506 -0.0167499482649532 61.8364074283461 -0.0162840241962873 0.0119931974209496 0.999795475970759 0.229174772459839
0.938146679940956 0.346084586261162 0.0103085434571128 76.2566473642492 -0.345926761141182 0.938149908404521 -0.0144715336768617 61.4332126211418 -0.0146793338451956 0.0100104202223991 0.99984214186282 0.232780333969228
0.934019101823574 0.357039547604394 0.0114489683002178 76.9520778271728 -0.356879638450589 0.934046810760622 -0.013909671717463 60.9926619040828 -0.0156601752246466 0.00890599541659128 0.999837707909425 0.236109600293178
0.931212880573223 0.364356153729221 0.00933618199125157 77.5918195018381 -0.364260580485648 0.931237811128561 -0.0105056474690771 60.5772070835561 -0.0125220029860991 0.00638219117031284 0.999901228660652 0.238791989071609
0.925929927803805 0.377625826954252 0.00724593778359504 78.2153765252824 -0.37756856535861 0.92594580825784 -0.00814485253254935 60.1633553586602 -0.00978505239064142 0.00480572438380607 0.99994057711589 0.241071964802546
0.921048309608697 0.389373025267461 0.00765888771512057 78.879306289973 -0.389313290514954 0.921068714565602 -0.0082210021827019 59.711306838458 -0.0102553983533775 0.00459023338560858 0.999936876288738 0.244484354398026
0.915801561827147 0.401584089922038 0.00614150441283274 79.4868741586669 -0.401548393243468 0.91581625106914 -0.00628348321042615 59.2870404882807 -0.00814783643388456 0.00328831250875201 0.999961399136132 0.248794174221559
0.911471422361583 0.411305073699989 0.00692694498357085 80.1298812810945 -0.411264420150427 0.911492280372723 -0.0065878326683026 58.8307017387333 -0.00902346588025089 0.00315581520037544 0.99995430790308 0.254074248848507
0.909380112203712 0.415929242166221 0.00553868571088085 80.7165800474264 -0.415905127582803 0.909394177171266 -0.0050155136655675 58.4035009711645 -0.00712294733265066 0.00225744059272782 0.999972083401965 0.258827254180059
0.909165020312975 0.416410667781898 0.00459582383769935 81.2873774900575 -0.416397654261333 0.909175697575975 -0.00354181632758266 57.9802774390105 -0.00565326144570625 0.00130640524799492 0.999983166828499 0.264548870017279
0.908347601310984 0.418173771426923 0.00594407967403055 81.8939490164086 -0.41814257498074 0.908362703416562 -0.00582975387404891 57.5222040439265 -0.0078372304460277 0.00280997016693563 0.999965340342652 0.274506582458284
0.908806321435126 0.417183676313931 0.00537125094876452 82.4512414096367 -0.417151605972527 0.908815945397927 -0.00617373671398579 57.0963246884414 -0.00745706068790592 0.00337010499318756 0.999966516758552 0.279977177418697
