0.355259707985555 0.934502311174934 -0.0222703904484275 0.112373772073548 -0.934767007460329 0.355130924065252 -0.00962644982433434 -0.315336308935508 -0.00108703527000596 0.0242375159879803 0.999705637261816 0.00831267362218694
0.367552094728837 0.929680870086858 -0.0244731987077135 0.209823753171978 -0.929990806206531 0.367285626506055 -0.0147773114395123 -0.608329332581495 -0.00474952963666056 0.0281912815706923 0.99959126327296 0.0270352472367459
0.379477471096877 0.924866881420024 -0.0248616287140931 0.299524421054916 -0.925143182340578 0.379016391279736 -0.0213697756196374 -0.91695007235825 -0.0103412329374274 0.0311099147167737 0.999462471585426 0.0519167826311051
0.391053387748412 0.919983266080381 -0.0266089846210801 0.395503406315856 -0.920278464655042 0.390448642520877 -0.0252468819017798 -1.24713691588304 -0.0128372669461855 0.0343605542108923 0.999327052016342 0.0744545626025094
0.402819194001822 0.914853409477769 -0.0279273362608102 0.50335952708363 -0.915235224680219 0.402311764469165 -0.022129791554737 -1.52628252271393 -0.00901001932687327 0.0344743866748901 0.99936496647377 0.0889610639191592
0.398038987931169 0.916803590306208 -0.0321891423989261 0.613806420846544 -0.91736061094117 0.397644941827142 -0.0181110389798649 -1.78164744145946 -0.00380441590422928 0.0367379509626785 0.999317691917186 0.0951380367298105
0.394989132441533 0.918112653875375 -0.0324459557880691 0.739992149986473 -0.918685437833678 0.394773590729102 -0.0130720455627383 -2.05867554215116 0.000807196027908261 0.0349709430351565 0.999388003519056 0.0947460777953825
0.41342541504694 0.909937498717529 -0.0330631913304189 0.84712934215422 -0.910515551648264 0.413397491250516 -0.00799652639816713 -2.30322768278038 0.00639190111955412 0.0334105171385645 0.999421273009841 0.100478968789019
0.429750807673684 0.902411508111829 -0.0311080910881715 0.962155363844271 -0.902897070701876 0.429835908904381 -0.00423923746845524 -2.56047636307226 0.00954583793001165 0.0299092200446263 0.999507036260644 0.106951543176668
0.432759219601543 0.900839956184398 -0.0347394759827214 1.09712229757484 -0.901374911812449 0.433039160090833 0.000595132695687087 -2.83686431638854 0.01557967281306 0.0310557429393912 0.999396225040659 0.109353812437216
0.4460223209918 0.89423470384052 -0.0375284375420103 1.21918393568769 -0.894868802901015 0.446329223487645 -0.000223283269175382 -3.11423471431976 0.0165503707387465 0.0336826172999205 0.999295535124738 0.111644548512295
0.462049006605372 0.886036817591904 -0.0380719498660231 1.33998489473308 -0.886770505116568 0.462169835327259 -0.00609217275533209 -3.39654510343255 0.012197817439813 0.0365759645831354 0.999256429583777 0.121173733665798
0.485697706484847 0.873410118552035 -0.0353907152552784 1.46964562154531 -0.874096181407353 0.485621551926129 -0.0112948640514517 -3.70764542746869 0.00732144551583653 0.036420778626762 0.99930972341901 0.139601900447129
0.502651543109694 0.863715642572106 -0.0365611130259614 1.59894477120483 -0.864450718374198 0.502578097974695 -0.0118410699884056 -3.98099814310893 0.00814749727064845 0.0375572125215945 0.999261264172605 0.154129039122109
0.516708506857359 0.85535303678635 -0.03719544866792 1.72957489659845 -0.856112524551415 0.516655332340257 -0.0117733967307803 -4.24034662926119 0.00914681624610573 0.0379269037063163 0.999238653039308 0.173495419545307
0.528538714010957 0.848256124880536 -0.0332922572725393 1.88197729427873 -0.848893219810882 0.528362787106611 -0.0145967996508384 -4.53651997852433 0.00520856513411146 0.0359765451869877 0.999339061102713 0.195846132238995
0.536726096149668 0.843088727969375 -0.0335632907045602 2.02264931893264 -0.843715802496115 0.536666277582512 -0.0115304433594722 -4.81960791441744 0.00829109946097567 0.0345065686024127 0.999370078796146 0.214040837729061
0.539357711330093 0.841293557262247 -0.0363099123904129 2.16836226596161 -0.841947475543392 0.539528882246898 -0.00574749054123267 -5.09736098959354 0.0147549196837175 0.0336709924185204 0.999324049853039 0.228745810819537
0.539593918429802 0.840970667374981 -0.0400841590712893 2.32084391835942 -0.841666601593646 0.539996751040308 -0.000916857521123302 -5.36712479147427 0.0208742653852522 0.0342322286857359 0.999195886482642 0.242438567872704
0.533505734253626 0.844637383748449 -0.0442642236244392 2.49516224539787 -0.845422454368126 0.534095201813348 0.00178579117812159 -5.6540220770412 0.0251496554384157 0.0364692387435656 0.999018262824456 0.252355421906034
0.534200283890382 0.844193839415721 -0.0443488239300616 2.66537683735737 -0.845026458982066 0.53472449077869 -5.0810434808659e-05 -5.9228448133421 0.0236715084365924 0.0375030725943384 0.999016105593058 0.263032602015466
0.539178993995613 0.841263381784686 -0.0395213221194969 2.85462470954085 -0.841999006637881 0.539464561315956 -0.0039572597848248 -6.21087266102931 0.0179912549506387 0.0354105853153932 0.999210891250151 0.27637485868414
0.554724701333711 0.831321996818026 -0.0344128368013271 3.03862683398447 -0.831924406453628 0.554848200993955 -0.00672724316122214 -6.47358077242919 0.0135013953724473 0.0323606467837378 0.9993850613566 0.296729314066702
0.571463312956328 0.819949743131086 -0.0333481736268267 3.2230408745076 -0.820500965950389 0.571617062436858 -0.00566558077645893 -6.73376424578976 0.0144168935438551 0.0305998802338294 0.99942773651236 0.314296331111708
0.584183033098124 0.811024767444661 -0.0311289323879114 3.41143353895378 -0.811528221684909 0.584268647762793 -0.00721752383901345 -6.99782954547803 0.0123340686395222 0.0294783621114443 0.999489318060989 0.332690253886634
0.595905440844889 0.802755568784459 -0.0219135199591502 3.61808994726175 -0.803050866900746 0.595764070097806 -0.0132090101997255 -7.28054847296128 0.00245168134507245 0.0254689922462343 0.999672606252939 0.363577676027275
0.608322172421952 0.79351663938797 -0.0165975165088269 3.81202160200339 -0.793673649127818 0.608041412746168 -0.0191775667324203 -7.54189500635324 -0.00512574091904368 0.0248391505504527 0.999678319950954 0.392545130706321
0.621450839077204 0.783260289001416 -0.0173831609225324 4.00518978005169 -0.783406756711599 0.621019562987997 -0.0246689263003118 -7.80182068851887 -0.0085269073438757 0.0289486106681794 0.999544531169838 0.408413844342938
0.638470346132341 0.769385242476349 -0.020049084000506 4.21822394712701 -0.769588787909572 0.63788709028743 -0.0288644689629336 -8.07559577603158 -0.00941884459598671 0.033858657744337 0.999382247522052 0.415712662819198
0.64857835708992 0.760839729133617 -0.0216568992800427 4.42165897549082 -0.761103022418378 0.647968605282189 -0.0293065834628296 -8.32703432456166 -0.00826462220246497 0.0354907472524915 0.999335830879345 0.416570521597713
0.653979601465131 0.756339638671481 -0.0161564798704058 4.65297689575312 -0.756467397110516 0.653559359971553 -0.0248443173062418 -8.58809723929153 -0.00823152333094687 0.0284695270046436 0.999560767565326 0.417091940249875
0.659901567333598 0.751245269814774 -0.0126675179727587 4.87461024743549 -0.751317815978074 0.65961673013192 -0.0206714470710319 -8.83387396474898 -0.00717362004826072 0.0231584522583835 0.999706069434611 0.42184182488122
0.668262330949197 0.743798060619652 -0.0137804953754547 5.0956388839433 -0.74388556560335 0.667919184807025 -0.0227646184616103 -9.09479915573833 -0.00772802182508138 0.0254638485929892 0.999645872343553 0.425712891903727
0.677066249062067 0.735760630981077 -0.0154138989017133 5.32497456674397 -0.735859697595111 0.676587657726978 -0.0271964495247638 -9.35677652283849 -0.00958122310843463 0.029756265052114 0.999511262995017 0.430763531926446
0.683546223648451 0.729798554865368 -0.012594818472814 5.58902231716999 -0.729773423873901 0.682988784220518 -0.0309365550173426 -9.64020679559603 -0.0139753333879443 0.0303379291547728 0.999441994370507 0.434049613423341
0.695116492844209 0.718854380613495 -0.00783842131785732 5.84533206375826 -0.718684230325985 0.69460401447684 -0.0319098754839982 -9.90528199150351 -0.0174939548619588 0.0278144305253273 0.999460013706321 0.438219747858752
0.706238274489813 0.707938642484859 -0.00709775474001299 6.10779470989528 -0.70775711194542 0.705737948690642 -0.0318405130078514 -10.1768931788897 -0.0175319746842738 0.0275104753616239 0.999467760164903 0.435045471813507
0.71689189133413 0.697155866310471 -0.00630192099858581 6.40417687765126 -0.696957293689553 0.716398467026457 -0.0319963625288131 -10.4779695911981 -0.0177917652948499 0.027330102653313 0.99946811783901 0.420308010653178
0.725319825660952 0.688385726873482 -0.00602009468671819 6.69182912400087 -0.688204355100213 0.724858473972209 -0.0309024000973904 -10.7588123944716 -0.0169090545053945 0.0265571788326592 0.999504277193542 0.407887115730511
0.73460297438579 0.678455314847313 -0.00754027711598444 6.98552571176976 -0.678304131273723 0.734083466291802 -0.0320151528812895 -11.0408639865227 -0.0161856578658576 0.028633027650732 0.999458940730935 0.394667647648214
0.744176178738798 0.667916678420608 -0.00944064008980517 7.31263894383397 -0.667792584725373 0.743551517916681 -0.0344122651042578 -11.3492073987074 -0.0159649235364855 0.0319131773940659 0.999363132362351 0.376479896475673
0.753491333092472 0.657340440343843 -0.0124240268469828 7.63218689604068 -0.657350775967597 0.752893085791895 -0.0322793850863953 -11.6260187974764 -0.0118645812959334 0.0324891805886596 0.999401663424346 0.358179035827587
0.76583176584184 0.642942793565065 -0.0112370205268664 7.95951903036259 -0.642986618128176 0.765422862465215 -0.0263827694461232 -11.8789073084625 -0.0083615390724191 0.0274300167391294 0.999588754861734 0.34490452124765
0.773610553757212 0.633621455758617 -0.00711069038795446 8.32520317340965 -0.633600552535618 0.773332170812467 -0.0225320530142251 -12.1484268229658 -0.00877786659841152 0.0219363713683392 0.999720833367581 0.335986042486311
0.784724910196163 0.619817810720258 -0.00571811433711921 8.67809064436606 -0.61977559255854 0.784467444355594 -0.0221143305327721 -12.4093093818075 -0.00922118139579398 0.0208976137429833 0.999739095741241 0.311369680626504
0.796813283268882 0.604203744071897 -0.00514074467052221 9.03317371326124 -0.604148728402048 0.796547335294376 -0.0227300815136518 -12.6659654737587 -0.00963875388487462 0.0212174052355977 0.999728421191783 0.279298285979098
0.809544592532641 0.58704588223732 -0.00383208159727319 9.41516286081806 -0.586970776106068 0.809293759341252 -0.0225592351098703 -12.9204334414057 -0.0101420263557133 0.0205120267041212 0.999738163751834 0.243794717130206
0.820564871950449 0.571544372002317 -0.00321274857745331 9.7745650469484 -0.571489633928088 0.820376395756953 -0.019549107334337 -13.1326264013186 -0.00853751917616512 0.0178773632649775 0.999803736064738 0.214048467065077
0.828113465287952 0.560551052551478 -0.00325669958867836 10.1332451241201 -0.560526589789857 0.827985461379262 -0.0158119538047538 -13.3265180706483 -0.0061669074366446 0.0149195585726395 0.999869679520619 0.185491729087513
0.838407256409857 0.545043797306034 -0.000728983893492675 10.5278836828111 -0.545002323440533 0.838325364121842 -0.0135296457603923 -13.5487605509199 -0.00676312381349854 0.011740651097872 0.999908204420827 0.161600835900351
0.846334459002246 0.532650883817013 -0.00100969021560975 10.8975016240956 -0.532627626131087 0.846276388903306 -0.0111393656346918 -13.7439597906348 -0.00507891596090226 0.00996541789073306 0.999937445572935 0.13872613588974
0.855192562355172 0.518306392490371 -0.00204078318633599 11.2637677522639 -0.518304766462853 0.855158247313935 -0.00803374836834848 -13.9131748459891 -0.0024187505621993 0.00792814950523977 0.999965646455487 0.11969295316514
0.862956936421677 0.505276844685098 -0.000797563029422098 11.6614350086479 -0.505274145588661 0.862944447126948 -0.00499189066538235 -14.0787035900668 -0.00183403417694386 0.00471077465379462 0.999987222378766 0.107718192167544
0.870089568217371 0.4928935751786 -0.000258509126351795 12.0344549593662 -0.492892563401592 0.870086445117788 -0.00254930690529204 -14.2342205354206 -0.00103161170799897 0.00234554257042931 0.999996717098278 0.104003110201826
0.876135396271797 0.482064791724004 -0.00055134359121767 12.4067486761008 -0.482065048096301 0.876135281622086 -0.000507642491923941 -14.3851014978896 0.000238335000422438 0.000710547030644068 0.999999719159633 0.0933286933997968
0.882297530543557 0.470691832459424 0.000516190596569109 12.8102676128661 -0.470692114886164 0.882297054977491 0.000916385309916561 -14.5401621028733 -2.40983623964943e-05 -0.00105149133954929 0.999999446892463 0.0777805332673181
0.887963251155316 0.459914375208485 0.000179092914979232 13.1827286071018 -0.459913253572067 0.88796007767272 0.00258836786627395 -14.6649145263324 0.00103140023133149 -0.00238074275094242 0.999996634133094 0.0622727644465158
0.892875105115159 0.450304389419523 5.94567530167295e-05 13.5496143099697 -0.450299294094427 0.892864358047323 0.00487687059524456 -14.7727928818898 0.00214298942005574 -0.00438120967927464 0.999988106228315 0.0470218526688701
0.89534967678986 0.445363427137547 -0.000611588582624096 13.9158843237563 -0.44535212196487 0.895335225259052 0.00602676295449678 -14.8953579263931 0.00323167660534987 -0.00512368799035671 0.999981651875521 0.0343701711043485
0.900025650442926 0.435836923565158 6.78383873680066e-05 14.3120554325632 -0.435826913659699 0.900003902477082 0.00691931036180717 -15.0256574597933 0.00295463612791356 -0.00625712260399627 0.999976058984449 0.0209617432494113
0.901976191480175 0.431785259451846 -0.000663116144767008 14.6805462588142 -0.431769898280444 0.901955142694148 0.00718856776232669 -15.1543548339877 0.00370201861331949 -0.00619760338208647 0.999973942045744 0.00908007405031335
0.902857786239166 0.429937146622062 -0.00136666813562841 15.0424372121041 -0.429915856931937 0.902837163963539 0.00757702611525647 -15.2643515056013 0.00449152377152427 -0.00625342472202659 0.999970360007463 -0.00144617077837251
0.904840544148627 0.425749618541929 -0.000923025579302792 15.4321590422578 -0.425731539480863 0.904818392832944 0.00750548349280277 -15.3775184047668 0.00403062725524194 -0.00639830466686945 0.999971407461893 -0.0117433584275681
0.904701804210493 0.42603716640858 -0.00264164661302707 15.7939809458405 -0.426009858020569 0.904689073803259 0.0072993568411812 -15.4940240019408 0.00549966613287685 -0.00547837380523666 0.999969870092533 -0.0217568159213532
0.904062933465148 0.427373305351563 -0.00471913204659586 16.1497935930895 -0.427332047698359 0.904061403269582 0.00776531571548103 -15.605447334144 0.00758507378468342 -0.00500369774419003 0.999958713980015 -0.0316080096301479
0.905374077881093 0.424576722828922 -0.00569082883366066 16.5349441241278 -0.424539649644023 0.905384652608698 0.00668705471462329 -15.741508749901 0.00799155686273182 -0.00363830351676609 0.999961448140092 -0.0400189771700203
0.905257137565736 0.424759007348764 -0.00944989748012066 16.8943464524705 -0.424672928193457 0.905293114548266 0.00986310352240204 -15.8145446480971 0.0127443691834938 -0.0049155292281934 0.999906704961278 -0.044955694553842
0.903174857127635 0.429072253121159 -0.0131217016430205 17.2588166387103 -0.428943458011852 0.903257341292335 0.0115622329303572 -15.9093670596147 0.0168133066738459 -0.00481424999719472 0.999847056161919 -0.0484444289699797
0.900711387032169 0.434225387830068 -0.0129348302816276 17.6592599595609 -0.434094606321011 0.900790494382087 0.0117625674867351 -16.0194192355679 0.0167591775929406 -0.00497973841710438 0.999847154404965 -0.0506294432007943
0.901991422440858 0.431578200323693 -0.0123179076340838 18.0342380982095 -0.431461594292966 0.902063470371513 0.0110629142396672 -16.1429268418202 0.0158860471260083 -0.00466394968522335 0.999862931146086 -0.0502418342480383
0.898629223957678 0.438616486614557 -0.00900530505450659 18.4368743667766 -0.438515014877215 0.898653014930657 0.0112845240606312 -16.2685444470091 0.0130422228341941 -0.00619164161938597 0.999895776567538 -0.048250549736175
0.893103678154013 0.449788496918237 -0.00749186944676781 18.8072403926811 -0.449679285101849 0.893099136834492 0.0127464636575701 -16.3811686633003 0.0124241948657464 -0.00801497507913339 0.999890693804287 -0.0439032543714995
0.886458920478064 0.462754391834803 -0.0069967951568735 19.1691060687825 -0.462646027438641 0.886447832618392 0.0129958970986143 -16.5041949425959 0.0122162023603023 -0.00828328942855222 0.999891069825176 -0.0385314896982602
0.875218373655437 0.48369040169173 -0.0060327213780765 19.556551644505 -0.483599621446979 0.875205339233156 0.0121251933639978 -16.6444710399875 0.0111447096090205 -0.00769477024156299 0.999908288773855 -0.0349443927249068
0.863737271963231 0.503885906988136 -0.00754438600940097 19.9145528846879 -0.503784105814761 0.863744407249015 0.0121315157531211 -16.7933444088223 0.0126293210401501 -0.00667770056171238 0.999897949075441 -0.0355037652187715
0.855674414663016 0.517437749112464 -0.00891470047345301 20.2633281982595 -0.517295093732777 0.855686265423661 0.0143805829264542 -16.9288500400745 0.0150692432158891 -0.00769356606109214 0.999856853229583 -0.036561092509298
0.849350422280554 0.527762520210657 -0.00840133517599348 20.6348724680918 -0.527593911506577 0.849339350217513 0.0163503123297835 -17.0927582418664 0.0157646666007358 -0.00945465139434041 0.999831028151247 -0.0392780762016234
0.841711147120687 0.539840273312776 -0.00973776783272474 20.9742439547762 -0.539622103675883 0.841704407477249 0.0184844707196732 -17.2459819680168 0.018174983829145 -0.0103038702903727 0.999781726288218 -0.0404646646287779
0.835811901233446 0.548864628780324 -0.012887398122546 21.3026092288101 -0.548632044216147 0.835875010931874 0.0177720611874441 -17.4223807731931 0.0205267098128743 -0.00778366067331508 0.999759005366183 -0.0416558115639478
0.826684865281054 0.562492326450364 -0.0139469064563378 21.6532379069324 -0.562287773829377 0.826784247867939 0.0161327889544306 -17.6211352703707 0.0206056525556981 -0.00549455748026047 0.999772582601088 -0.0415321725549426
0.811226832598464 0.584530423522669 -0.0153365592188341 21.9769428729116 -0.584319126893149 0.81136069188266 0.0162783787435263 -17.8106717371811 0.0219586889201084 -0.00424401273565484 0.999749870886118 -0.0397052814808178
0.794661192117932 0.606813877741468 -0.0170442812130421 22.2949963161269 -0.606602993468245 0.794839928864769 0.0161955486974666 -18.0071210548391 0.0233751589741859 -0.00253086202958695 0.999723560130658 -0.0376435499124081
0.786076185427456 0.617845550387497 -0.0187378379273198 22.6380952771989 -0.617716174829735 0.786297933440485 0.0127392001688825 -18.2325924254807 0.022604381379234 0.0015606836948915 0.999743270149325 -0.0355033928126871
0.773319484329796 0.633659189484498 -0.0212839549367005 22.9532238368948 -0.633625180898199 0.773585874295981 0.00916652722939714 -18.4652558036843 0.022273421102751 0.00639739568686347 0.999731447960303 -0.0327511390356794
0.759025964634619 0.650657336578213 -0.0229044835661528 23.2621338188118 -0.650702224910294 0.759305567162365 0.00645524383972561 -18.7033466732484 0.0215916536484775 0.0100043007345174 0.9997168171335 -0.0294461816241191
0.747234659945715 0.664171861148126 -0.0227178747871827 23.5946726928547 -0.664261592680896 0.74748707576644 0.00442809791837787 -18.9727587157083 0.0199223358280945 0.0117817834462137 0.999732109174242 -0.0269060982078302
0.730443976643959 0.68262253385705 -0.021864886350962 23.8996717276672 -0.68268938053755 0.730688698063984 0.00540705306198883 -19.2214244053636 0.0196674016029757 0.0109773763779381 0.999746313082496 -0.0224585583813828
0.713723507023999 0.700101952503673 -0.0213544286251947 24.1949209756293 -0.700178218910878 0.713951188686824 0.00491547916901483 -19.4928276229092 0.0186873562644041 0.0114436127694356 0.999759884393563 -0.0197175696473841
0.700412836247019 0.713368660652621 -0.0229567597690107 24.5058215179692 -0.713542660162448 0.700611259830019 0.00085716258126619 -19.80533937245 0.0166952373059411 0.0157802597596207 0.999736091402734 -0.0192456568392092
0.685380230983149 0.727732622508112 -0.0256742889862678 24.7897095706128 -0.728011203000791 0.685561366105196 -0.00230252238174048 -20.115376696465 0.0159256799799577 0.0202692733329239 0.999667709429354 -0.0198058261967494
0.666451697030547 0.745090862379142 -0.0261101957903387 25.0685392188932 -0.745402440275206 0.666605152894466 -0.00357381677086618 -20.4346125588728 0.0147423728371335 0.0218443799100018 0.999652682439995 -0.0231924117953283
0.647937441449096 0.761298564514722 -0.0245268757941638 25.366507053581 -0.761605868618615 0.648015474722431 -0.00569608689761282 -20.7938566092467 0.0115573722827094 0.0223705205144259 0.999682943216414 -0.0296402774457328
0.6330473579586 0.773728880240001 -0.0243857020442338 25.6390070395198 -0.774054411109658 0.633073025271627 -0.00763631554535461 -21.144211524099 0.00952949229044909 0.0237100096158699 0.999673458795772 -0.0322069184911978
0.614116285906141 0.788885382414931 -0.0228263180757342 25.9033591054881 -0.789189714212046 0.614073307631272 -0.00967304691899049 -21.5016299132778 0.00638610732400426 0.0239546710859882 0.999692648450716 -0.0331390384649495
0.584611968504045 0.811110267953908 -0.0181377920807604 26.1855796221808 -0.811312970393771 0.584474961923106 -0.0126602905108109 -21.9015741794348 0.000332193707173591 0.0221167833267845 0.999755338841767 -0.0386683174096658
0.561615391670578 0.827249628394383 -0.0156908941764575 26.439186824652 -0.82739635871921 0.561470620985927 -0.0128843838761078 -22.2859770022196 -0.00184862567652072 0.0202186570036637 0.999793873001868 -0.0479369710012061
0.540166805520546 0.841448698006737 -0.0135613729575399 26.6882162273048 -0.841554230921821 0.540046206655819 -0.011686363602099 -22.668252420656 -0.00250970741465523 0.0177252164846238 0.999839746193992 -0.0589066913918486
0.520660323302807 0.853651130481426 -0.0138771454557431 26.9272441702663 -0.853757577877668 0.520525033988987 -0.0123161360506804 -23.0673752149553 -0.00329028185280551 0.0182602414701399 0.999827853996267 -0.0705191353969163
0.512663223881204 0.858470173273814 -0.0143311018054358 27.1796567689452 -0.858576088924188 0.51248934868703 -0.0142044714786156 -23.5145878796232 -0.00484957806127477 0.0195864514798411 0.999796405530174 -0.0834420274733595
0.494473257108146 0.869091254614516 -0.0132886853159912 27.4123202244854 -0.869164860613216 0.494276871750463 -0.0155826547091399 -23.9431092731906 -0.00697445912372674 0.0192552643488263 0.999790273864868 -0.0887269706275708
0.489521508746122 0.871906467563027 -0.0121574790431735 27.6548702062807 -0.871943099334351 0.489300440941724 -0.0173294551973928 -24.4209156522246 -0.0091610042093859 0.0190837710109732 0.999775917736507 -0.0938973303123686
0.472746913400862 0.881139527847939 -0.0101729215993947 27.8707736467907 -0.881124873648398 0.472527070471919 -0.0183609561112434 -24.880558417743 -0.0113715833571953 0.0176436995875807 0.999779669205577 -0.0960419184358685
0.455289426716743 0.890296816545774 -0.00911681788776568 28.0764141358027 -0.890254832618369 0.455075717594478 -0.0187729660818076 -25.3475423163752 -0.0125646694973019 0.016663424147844 0.999782205970927 -0.100061408947789
0.435631145077823 0.900090272978171 -0.00793762737008045 28.2881032239404 -0.900003272640224 0.435409982319118 -0.020304101402144 -25.8679240074525 -0.0148194019807697 0.0159889895536632 0.99976234052798 -0.109701382374784
0.411800528280105 0.91124463219413 -0.00731745895852957 28.4778074964659 -0.911146676403988 0.411595477498711 -0.0200224119568766 -26.3662165759267 -0.0152334824051701 0.0149125182310704 0.99977275308633 -0.117805918943477
0.38469601915278 0.923023978440278 -0.00597562317123546 28.6564566209833 -0.922901678080239 0.384515517767667 -0.020007728320286 -26.8737530251948 -0.0161698931560705 0.0132118060894127 0.999781967598524 -0.128609333896638
0.376646576706668 0.926330899613271 -0.00695849673529556 28.8398311966241 -0.926211129379875 0.37644331259442 -0.0205761078873695 -27.4385732021585 -0.0164408049681345 0.014194957717709 0.999764073723092 -0.14551858573184
0.351790919987553 0.936060904160123 -0.00575606786291217 28.9991880105568 -0.935922091405565 0.351613010156042 -0.0204482250583514 -27.9758206801581 -0.0171168756886491 0.012580730977919 0.999774343426915 -0.157030860707364
0.327598905348411 0.944805680637807 -0.00460250464984067 29.1474154605661 -0.944639620871925 0.327439194484808 -0.0209657004195725 -28.5184999027519 -0.0183014724398061 0.0112160487548014 0.999769601636729 -0.166382487931303
0.304640809452557 0.952461785556728 -0.0032441131574758 29.2859406762015 -0.952268832242409 0.304506031206185 -0.0214510628812096 -29.0597373890878 -0.0194434656315598 0.00962413700788105 0.999764636117465 -0.173756784566572
0.282879757863897 0.959153164051684 -0.0020616693493496 29.4224163036872 -0.958888825066471 0.282749819194263 -0.0241818301261821 -29.6508869875822 -0.0226111422423209 0.00881746195087361 0.999705450926042 -0.183052733763544
0.257356677623025 0.966315379503131 -0.00145870441025824 29.5377601164266 -0.966023142175256 0.257241067978153 -0.025026420585082 -30.2036252765261 -0.0238081764249192 0.0078498586724757 0.999685725842948 -0.189277254974121
0.23640597451867 0.97165327859567 -0.00145650477619817 29.6465846106905 -0.971301978342782 0.236279603585 -0.0272839842601816 -30.8055824397611 -0.0261664303884184 0.00786480285836724 0.999626661707623 -0.197677793457462
0.2163780804984 0.976308654391918 -0.0013919911172011 29.7359695703624 -0.97597978406381 0.216267694129388 -0.0263010565322525 -31.3663031322749 -0.0253769064029235 0.00704952731751333 0.999653098222586 -0.20443998315462
0.205573049635714 0.978640337632791 -0.00167655046080962 29.8137051826352 -0.978394859424075 0.205482400753715 -0.0228140753271299 -31.9153735832524 -0.0219822727672504 0.00633028739203816 0.999738319334374 -0.211013560670145
0.20264803353757 0.979250914183219 -0.00119229806843187 29.8820151281331 -0.979109631940766 0.20259776118284 -0.0172764523128061 -32.4593829589016 -0.0166764248018312 0.00466842961064172 0.999850040066408 -0.217721904792055
0.181380650121123 0.983412939390645 0.000224500980447626 29.9462903013378 -0.983275244957086 0.181359064747307 -0.0166937799363062 -33.0495684189159 -0.0164575944845523 0.0028071824012834 0.999860623942531 -0.224951097553494
0.161155762227196 0.986928865429555 0.000484647194415832 29.9936254163184 -0.986823732374179 0.161145727768597 -0.0145250006891648 -33.6057483401949 -0.014413241275376 0.00186252620413475 0.999894389159213 -0.229460800039953
0.134572610774573 0.990903678909416 0.000333995658568584 30.0295949382057 -0.990814148706255 0.134564968887343 -0.0134011891952057 -34.1556148199134 -0.0133242317906942 0.00147250539336657 0.999910144250499 -0.232545099743712
0.117941381907399 0.993020199052599 0.000845403637567475 30.0603206713312 -0.992924937247013 0.117941796492374 -0.0137768513515706 -34.7523535690035 -0.0137804000952305 0.000785438532956935 0.999904737292271 -0.234876322273681
0.106586405401348 0.994299530660756 0.00278953605823919 30.0831783243242 -0.994240692433662 0.106610778249075 -0.0109356056144828 -35.3001679732478 -0.0111706621400941 -0.00160788336877792 0.999936313481225 -0.232301786476018
0.0961018479999546 0.99536280935456 0.00416083703022529 30.0930793573484 -0.995333414880045 0.0961339007670661 -0.00834663683959845 -35.8501078885815 -0.00870792938749654 -0.00333929290518362 0.99995650959863 -0.229332321811647
0.0848352698749093 0.996391086442525 0.00278923701698503 30.0908688376932 -0.996355314147695 0.0848565406264362 -0.00868651152995379 -36.448676598133 -0.00889184766497467 -0.0020421485743754 0.9999583814711 -0.226538338941675
0.0560039015558517 0.998430536703802 0.000162443471084831 30.0732692918168 -0.998389623938923 0.0560030783085497 -0.0090451108926071 -37.0097667694593 -0.00904001225748294 0.000344379623983571 0.999959078953263 -0.223602370057169
0.0215977664139713 0.999759999032025 -0.00367162381145301 30.0459987372327 -0.999721171479594 0.0215615726547499 -0.00962693513628283 -37.5611799335474 -0.00954545867895991 0.00387852035437402 0.99994691924045 -0.22093322534346
0.0138834834037091 0.999869859596349 -0.00821661483562017 30.0054682238369 -0.999851435627952 0.0137983374485177 -0.0103301769770585 -38.1618922709638 -0.0102154569794705 0.00835881298001509 0.999912883547494 -0.219817086075221
-0.00705909134745722 0.999890018685077 -0.0130429967149229 29.954991091876 -0.999927354868679 -0.00718559124608704 -0.00967740997212706 -38.7246971232986 -0.00977006728087074 0.0129737354837136 0.999868105288355 -0.218833606468081
-0.0267113486286451 0.999471858043662 -0.0185069941694689 29.8952658685841 -0.999598823393502 -0.0268800060340067 -0.00892510761472978 -39.282395799882 -0.00941786200588024 0.0182611679353062 0.999788894527677 -0.217431731895865
-0.0282802153386116 0.99929061264461 -0.0248696783405526 29.821037965309 -0.999554665949689 -0.0285072169202812 -0.00882090480973907 -39.8949691573874 -0.00952361268659564 0.0246091459384664 0.999651784741854 -0.219071984081518
-0.0309797798576332 0.999091040986843 -0.0292804552526054 29.7554577695279 -0.999498675025869 -0.031157232687132 -0.0056236529773665 -40.4529562461519 -0.00653083926479639 0.0290915566978987 0.999555415906186 -0.216604347375253
-0.0302224638192867 0.998970410048927 -0.0338337483494125 29.6850900248741 -0.999538752249198 -0.0303059558984682 -0.00195749564336224 -41.0114640168833 -0.00298084431087569 0.0337589822678271 0.999425557849825 -0.215297253709451
-0.0290300039349758 0.998859744806246 -0.0379007793737471 29.6123196924856 -0.999578533290773 -0.0290045360971001 0.00122174876979473 -41.5753109600171 0.000121061140960478 0.037920272828582 0.999280760473654 -0.21450043884837
-0.0309649884683408 0.998682959318541 -0.0409086330243017 29.5346494878545 -0.999520196134011 -0.0309693191519585 0.000528007093047683 -42.1927865306872 -0.000739600825973869 0.0409053546375717 0.999162751984176 -0.213353253820101
-0.019354051928065 0.998953460325054 -0.0414415827227643 29.4638446412155 -0.999811339215254 -0.0194055978341271 -0.000841872494883891 -42.7738612937394 -0.00164519012984437 0.041417470677264 0.999140573929482 -0.211079993061127
0.00303014996917449 0.999135119899402 -0.0414708376425342 29.3980128507246 -0.999991215447573 0.00290742692253948 -0.0030192542743815 -43.3362606499557 -0.00289606955157872 0.0414796221330332 0.999135152884159 -0.208562340230863
0.01102388513687 0.998992300517499 -0.0435069817758495 29.3276142794364 -0.999911458911966 0.0106888395635272 -0.00792609899793009 -43.9614768262023 -0.0074530727239762 0.0435905060252827 0.99902168119187 -0.207256387096905
0.0280707379122277 0.998523888826533 -0.0464981409929668 29.267427989054 -0.999559020580439 0.0275883490536319 -0.0109839597944094 -44.5447764984113 -0.00968493930456894 0.0467859641263685 0.998857985657336 -0.206277837425901
0.0481390147624247 0.997862791953767 -0.0441869176559882 29.2178369807363 -0.998790121432913 0.047644507485437 -0.0121776120193177 -45.1318188947209 -0.0100463219999069 0.0447196750961397 0.998949058798079 -0.211347299195907
0.0525847437331193 0.997785257427656 -0.0407360379338626 29.1800467247744 -0.998565323799173 0.0521254483161461 -0.0122569059591194 -45.7680024088308 -0.0101063758277603 0.0413221211685441 0.999094762006968 -0.222499279789695
0.0681537341910779 0.996960481507833 -0.0377474082220446 29.1531461674688 -0.997646506548478 0.0678179019501298 -0.0101084195944476 -46.3636119353749 -0.00751774483648942 0.038347496486114 0.999236184806085 -0.232831123278131
0.0807456342079772 0.996019172240724 -0.0377617675070257 29.1318077078499 -0.996722962461631 0.0805025378775068 -0.00791691208660032 -46.9599482585996 -0.00484547810414222 0.0382772768647914 0.999255408500628 -0.241538055564659
0.0826060734782688 0.99599853543544 -0.0341050441278273 29.1288182137934 -0.996572748423701 0.082407240895717 -0.00719748200296336 -47.6130425749475 -0.00435817894657346 0.0345827132887758 0.999392336481452 -0.252152424812183
0.0937977268233025 0.995113046390184 -0.030854681116951 29.1344082045023 -0.995588243152864 0.0936759050844316 -0.00537353723379851 -48.2277006240997 -0.00245693682689436 0.0312225833437978 0.999509436549134 -0.261283189659559
0.107762988622685 0.993806726228917 -0.0271169538346289 29.149790167132 -0.994176092037024 0.107694909396736 -0.00396289187559297 -48.8350417614134 -0.00101799071494632 0.0273860802633622 0.999624412618415 -0.267807822466915
0.121145141666181 0.992338878854164 -0.0242364222842798 29.1716194918744 -0.992633932972794 0.121076568810955 -0.00428247544374311 -49.4509289202605 -0.00131520403013048 0.0245766962675484 0.999697082239881 -0.27281363663244
0.131154040701089 0.991127126430444 -0.0215786204727921 29.2045901336349 -0.991347778591091 0.131004491373487 -0.00821006227012115 -50.1256752048917 -0.00531031922602045 0.0224687003118967 0.999733443481817 -0.2783796913687
0.144770369743048 0.989295837762317 -0.0183108009278182 29.242473742163 -0.989432712985621 0.144590670980554 -0.0107909378324332 -50.7604187302597 -0.0080278588908334 0.0196795134988264 0.999774109601803 -0.284087648940282
0.158292647565912 0.987274882158487 -0.0152231660806698 29.294441560618 -0.987309592064017 0.158061107036137 -0.0153771213460744 -51.4458033336201 -0.0127752551815766 0.0174640631428413 0.999765872268896 -0.291805326236118
0.169800088111792 0.985385109045984 -0.0135689700295555 29.3438549503824 -0.985397414073841 0.169593359752021 -0.0151666959027293 -52.0903911219383 -0.0126438290802913 0.0159461342794176 0.999792905749851 -0.303297283811042
0.180417608922559 0.983506918300178 -0.0127917178812796 29.3986887219719 -0.983533129271958 0.180251928355913 -0.0131082397171489 -52.7315380720957 -0.0105863126334675 0.0149460355834907 0.999832258934049 -0.318239919848358
0.190250297387497 0.981664841366631 -0.0117882809856834 29.4617516336746 -0.981709161823897 0.19014330188423 -0.00962529685679166 -53.3746981400357 -0.00720735284187212 0.0134038790352474 0.99988418833974 -0.336832218012833
0.200155928678821 0.979697218448297 -0.0114439669428706 29.5364221413827 -0.979738811465632 0.200053271350408 -0.0095157726910253 -54.0739268721106 -0.0070331730126365 0.0131167368911287 0.999889236711098 -0.35728777798323
0.209696852313957 0.977690802725914 -0.0121624173081112 29.6102456668844 -0.977743764355407 0.209591030907906 -0.00941971480865899 -54.7286261429292 -0.00666043495078774 0.0138670122275649 0.99988166528752 -0.369654151726412
